frame_number,frame_time,results
0,2024/5/22 Wednesday 0:0:55,"[{'box': [472.44305419921875, 194.6828155517578, 46.975830078125, 90.13308715820312], 'conf': 0.9080498, 'label_id': 'cell phone', 'sub_labels': 'other', 'sub_labels_conf': 0.9599198698997498, 'id': 1}, {'box': [539.6041259765625, 328.2072448730469, 33.7139892578125, 53.22344970703125], 'conf': 0.8260816, 'label_id': 'mouse', 'sub_labels': 'not_human', 'sub_labels_conf': 0.6177694797515869, 'id': 2}, {'box': [409.57720947265625, 304.3104248046875, 203.59893798828125, 76.3935546875], 'conf': 0.7634219, 'label_id': 'keyboard', 'sub_labels': 'not_human', 'sub_labels_conf': 0.9980137348175049, 'id': 3}, {'box': [1030.978271484375, 244.852783203125, 64.34130859375, 46.2281494140625], 'conf': 0.64202464, 'label_id': 'cup', 'sub_labels': 'other', 'sub_labels_conf': 0.9991990923881531, 'id': 4}, {'box': [545.67724609375, 60.265647888183594, 206.52001953125, 119.04750061035156], 'conf': 0.63575035, 'label_id': 'tv', 'sub_labels': 'other', 'sub_labels_conf': 0.6418112516403198, 'id': 5}]"
1,2024/5/22 Wednesday 0:0:55,"[{'box': [472.440673828125, 194.632080078125, 46.968017578125, 90.16148376464844], 'conf': 0.9089773, 'label_id': 'cell phone', 'sub_labels': 'other', 'sub_labels_conf': 0.9599198698997498, 'id': 1}, {'box': [539.6082763671875, 328.1581726074219, 33.69915771484375, 53.2276611328125], 'conf': 0.83273816, 'label_id': 'mouse', 'sub_labels': 'not_human', 'sub_labels_conf': 0.6177694797515869, 'id': 2}, {'box': [409.58349609375, 304.2626037597656, 203.56915283203125, 76.46575927734375], 'conf': 0.75973624, 'label_id': 'keyboard', 'sub_labels': 'not_human', 'sub_labels_conf': 0.9980137348175049, 'id': 3}, {'box': [1030.8358154296875, 244.87396240234375, 64.65478515625, 46.12068176269531], 'conf': 0.37793386, 'label_id': 'cup', 'sub_labels': 'other', 'sub_labels_conf': 0.9991990923881531, 'id': 4}, {'box': [545.9651489257812, 60.41521072387695, 207.30612182617188, 119.53949737548828], 'conf': 0.6057613, 'label_id': 'tv', 'sub_labels': 'other', 'sub_labels_conf': 0.6418112516403198, 'id': 5}]"
2,2024/5/22 Wednesday 0:0:55,"[{'box': [472.45330810546875, 194.61138916015625, 46.986968994140625, 90.20034790039062], 'conf': 0.91041505, 'label_id': 'cell phone', 'sub_labels': 'other', 'sub_labels_conf': 0.9599198698997498, 'id': 1}, {'box': [539.6181640625, 328.1473388671875, 33.67303466796875, 53.253448486328125], 'conf': 0.8344767, 'label_id': 'mouse', 'sub_labels': 'not_human', 'sub_labels_conf': 0.6177694797515869, 'id': 2}, {'box': [409.5953369140625, 304.2437744140625, 203.57479858398438, 76.39950561523438], 'conf': 0.75851023, 'label_id': 'keyboard', 'sub_labels': 'not_human', 'sub_labels_conf': 0.9980137348175049, 'id': 3}, {'box': [1030.8338623046875, 244.93746948242188, 64.644775390625, 46.03199768066406], 'conf': 0.433474, 'label_id': 'cup', 'sub_labels': 'other', 'sub_labels_conf': 0.9991990923881531, 'id': 4}, {'box': [546.0001220703125, 60.53437042236328, 207.4595947265625, 119.83467102050781], 'conf': 0.5980437, 'label_id': 'tv', 'sub_labels': 'other', 'sub_labels_conf': 0.6759129166603088, 'id': 5}]"
3,2024/5/22 Wednesday 0:0:55,"[{'box': [472.44598388671875, 194.60162353515625, 46.968719482421875, 90.18370056152344], 'conf': 0.9103124, 'label_id': 'cell phone', 'sub_labels': 'other', 'sub_labels_conf': 0.9599198698997498, 'id': 1}, {'box': [539.6099853515625, 328.11773681640625, 33.66241455078125, 53.232757568359375], 'conf': 0.84247077, 'label_id': 'mouse', 'sub_labels': 'not_human', 'sub_labels_conf': 0.6177694797515869, 'id': 2}, {'box': [409.659423828125, 304.2523193359375, 203.5111083984375, 76.39846801757812], 'conf': 0.7530345, 'label_id': 'keyboard', 'sub_labels': 'not_human', 'sub_labels_conf': 0.9980137348175049, 'id': 3}, {'box': [1030.8101806640625, 244.9095458984375, 64.67010498046875, 46.02876281738281], 'conf': 0.39503738, 'label_id': 'cup', 'sub_labels': 'other', 'sub_labels_conf': 0.9991990923881531, 'id': 4}, {'box': [545.9641723632812, 60.44625473022461, 207.411865234375, 119.6582260131836], 'conf': 0.5914336, 'label_id': 'tv', 'sub_labels': 'other', 'sub_labels_conf': 0.6418112516403198, 'id': 5}, {'box': [430.69866943359375, 314.06292724609375, 331.81982421875, 171.97178649902344], 'conf': 0.65218526, 'label_id': 'laptop', 'sub_labels': 'not_human', 'sub_labels_conf': 0.9999992847442627, 'id': 6}]"
4,2024/5/22 Wednesday 0:0:55,"[{'box': [472.43994140625, 194.59390258789062, 46.94677734375, 90.17835998535156], 'conf': 0.9100253, 'label_id': 'cell phone', 'sub_labels': 'other', 'sub_labels_conf': 0.9599198698997498, 'id': 1}, {'box': [539.6005859375, 328.10333251953125, 33.64642333984375, 53.1741943359375], 'conf': 0.84949505, 'label_id': 'mouse', 'sub_labels': 'not_human', 'sub_labels_conf': 0.6177694797515869, 'id': 2}, {'box': [409.63385009765625, 304.2495422363281, 203.52786254882812, 76.30218505859375], 'conf': 0.7607784, 'label_id': 'keyboard', 'sub_labels': 'not_human', 'sub_labels_conf': 0.9980137348175049, 'id': 3}, {'box': [1030.785400390625, 244.88772583007812, 64.7030029296875, 46.02769470214844], 'conf': 0.3629657, 'label_id': 'cup', 'sub_labels': 'other', 'sub_labels_conf': 0.9991990923881531, 'id': 4}, {'box': [546.025390625, 60.41103744506836, 207.49398803710938, 119.58765411376953], 'conf': 0.58810866, 'label_id': 'tv', 'sub_labels': 'other', 'sub_labels_conf': 0.6759129166603088, 'id': 5}, {'box': [430.6653137207031, 314.0826721191406, 331.64483642578125, 172.03355407714844], 'conf': 0.64380383, 'label_id': 'laptop', 'sub_labels': 'not_human', 'sub_labels_conf': 0.9999988079071045, 'id': 6}]"
5,2024/5/22 Wednesday 0:0:55,"[{'box': [472.4324035644531, 194.58929443359375, 46.961669921875, 90.19728088378906], 'conf': 0.91025746, 'label_id': 'cell phone', 'sub_labels': 'other', 'sub_labels_conf': 0.9599198698997498, 'id': 1}, {'box': [539.5867919921875, 328.1135559082031, 33.65802001953125, 53.19049072265625], 'conf': 0.8447374, 'label_id': 'mouse', 'sub_labels': 'not_human', 'sub_labels_conf': 0.6177694797515869, 'id': 2}, {'box': [409.59515380859375, 304.27752685546875, 203.52487182617188, 76.3809814453125], 'conf': 0.7595893, 'label_id': 'keyboard', 'sub_labels': 'not_human', 'sub_labels_conf': 0.9980137348175049, 'id': 3}, {'box': [1030.805908203125, 244.920166015625, 64.64556884765625, 45.99000549316406], 'conf': 0.411277, 'label_id': 'cup', 'sub_labels': 'other', 'sub_labels_conf': 0.9995500445365906, 'id': 4}, {'box': [545.9649658203125, 60.1193733215332, 207.38372802734375, 118.9861068725586], 'conf': 0.5859866, 'label_id': 'tv', 'sub_labels': 'other', 'sub_labels_conf': 0.6418112516403198, 'id': 5}, {'box': [430.8304443359375, 314.323974609375, 331.8330993652344, 172.29554748535156], 'conf': 0.7323896, 'label_id': 'laptop', 'sub_labels': 'not_human', 'sub_labels_conf': 0.999998927116394, 'id': 6}]"
6,2024/5/22 Wednesday 0:0:55,"[{'box': [472.420166015625, 194.61181640625, 46.942535400390625, 90.15834045410156], 'conf': 0.90841055, 'label_id': 'cell phone', 'sub_labels': 'other', 'sub_labels_conf': 0.9599198698997498, 'id': 1}, {'box': [539.5767822265625, 328.1288757324219, 33.65655517578125, 53.21826171875], 'conf': 0.8478557, 'label_id': 'mouse', 'sub_labels': 'not_human', 'sub_labels_conf': 0.6177694797515869, 'id': 2}, {'box': [409.51654052734375, 304.23565673828125, 203.58554077148438, 76.29437255859375], 'conf': 0.76331544, 'label_id': 'keyboard', 'sub_labels': 'not_human', 'sub_labels_conf': 0.9980424642562866, 'id': 3}, {'box': [1030.8143310546875, 244.92721557617188, 64.636474609375, 46.02073669433594], 'conf': 0.4053562, 'label_id': 'cup', 'sub_labels': 'other', 'sub_labels_conf': 0.9991990923881531, 'id': 4}, {'box': [546.0201416015625, 60.109962463378906, 207.46737670898438, 118.99018859863281], 'conf': 0.5965885, 'label_id': 'tv', 'sub_labels': 'other', 'sub_labels_conf': 0.6759129166603088, 'id': 5}, {'box': [430.8949890136719, 314.35382080078125, 331.83062744140625, 172.60232543945312], 'conf': 0.68614954, 'label_id': 'laptop', 'sub_labels': 'not_human', 'sub_labels_conf': 0.999998927116394, 'id': 6}]"
7,2024/5/22 Wednesday 0:0:55,"[{'box': [472.403076171875, 194.6048126220703, 46.909454345703125, 90.16427612304688], 'conf': 0.9089651, 'label_id': 'cell phone', 'sub_labels': 'other', 'sub_labels_conf': 0.9557451605796814, 'id': 1}, {'box': [539.5787353515625, 328.1539306640625, 33.70184326171875, 53.263824462890625], 'conf': 0.84156805, 'label_id': 'mouse', 'sub_labels': 'not_human', 'sub_labels_conf': 0.5782958269119263, 'id': 2}, {'box': [409.48236083984375, 304.30224609375, 203.78506469726562, 76.58712768554688], 'conf': 0.76011705, 'label_id': 'keyboard', 'sub_labels': 'not_human', 'sub_labels_conf': 0.9980055689811707, 'id': 3}, {'box': [1030.828857421875, 244.96566772460938, 64.6075439453125, 46.0189208984375], 'conf': 0.45615482, 'label_id': 'cup', 'sub_labels': 'other', 'sub_labels_conf': 0.9991990923881531, 'id': 4}, {'box': [545.6697998046875, 60.315887451171875, 206.77304077148438, 119.25926208496094], 'conf': 0.58780986, 'label_id': 'tv', 'sub_labels': 'other', 'sub_labels_conf': 0.6474312543869019, 'id': 5}, {'box': [431.1505432128906, 314.13909912109375, 332.47637939453125, 172.6415557861328], 'conf': 0.65508103, 'label_id': 'laptop', 'sub_labels': 'not_human', 'sub_labels_conf': 0.9999988079071045, 'id': 6}]"
8,2024/5/22 Wednesday 0:0:55,"[{'box': [472.39215087890625, 194.59823608398438, 46.896514892578125, 90.17024230957031], 'conf': 0.90832394, 'label_id': 'cell phone', 'sub_labels': 'other', 'sub_labels_conf': 0.9557451605796814, 'id': 1}, {'box': [539.5787353515625, 328.1907958984375, 33.7130126953125, 53.284637451171875], 'conf': 0.83843356, 'label_id': 'mouse', 'sub_labels': 'not_human', 'sub_labels_conf': 0.5782958269119263, 'id': 2}, {'box': [409.41656494140625, 304.305419921875, 203.90887451171875, 76.5687255859375], 'conf': 0.76474154, 'label_id': 'keyboard', 'sub_labels': 'not_human', 'sub_labels_conf': 0.9980055689811707, 'id': 3}, {'box': [1030.81640625, 244.94674682617188, 64.64404296875, 46.05531311035156], 'conf': 0.41783148, 'label_id': 'cup', 'sub_labels': 'other', 'sub_labels_conf': 0.9991990923881531, 'id': 4}, {'box': [545.3770751953125, 60.18431854248047, 206.2119140625, 118.89501953125], 'conf': 0.5739987, 'label_id': 'tv', 'sub_labels': 'other', 'sub_labels_conf': 0.6474312543869019, 'id': 5}, {'box': [431.1475524902344, 314.01202392578125, 332.44195556640625, 172.64356994628906], 'conf': 0.6203489, 'label_id': 'laptop', 'sub_labels': 'not_human', 'sub_labels_conf': 0.9999988079071045, 'id': 6}]"
9,2024/5/22 Wednesday 0:0:55,"[{'box': [472.39398193359375, 194.5899200439453, 46.915740966796875, 90.19937133789062], 'conf': 0.90976614, 'label_id': 'cell phone', 'sub_labels': 'other', 'sub_labels_conf': 0.9557451605796814, 'id': 1}, {'box': [539.5731201171875, 328.18743896484375, 33.72930908203125, 53.327850341796875], 'conf': 0.831473, 'label_id': 'mouse', 'sub_labels': 'not_human', 'sub_labels_conf': 0.5782958269119263, 'id': 2}, {'box': [409.4479064941406, 304.298095703125, 203.84246826171875, 76.56246948242188], 'conf': 0.75755256, 'label_id': 'keyboard', 'sub_labels': 'not_human', 'sub_labels_conf': 0.9980055689811707, 'id': 3}, {'box': [1030.824462890625, 244.95285034179688, 64.64306640625, 46.07572937011719], 'conf': 0.4612604, 'label_id': 'cup', 'sub_labels': 'other', 'sub_labels_conf': 0.9991990923881531, 'id': 4}, {'box': [545.1510009765625, 59.87368392944336, 205.73995971679688, 118.19718170166016], 'conf': 0.578826, 'label_id': 'tv', 'sub_labels': 'not_human', 'sub_labels_conf': 0.42882001399993896, 'id': 5}, {'box': [431.2907409667969, 313.94873046875, 332.91021728515625, 172.82803344726562], 'conf': 0.61211, 'label_id': 'laptop', 'sub_labels': 'not_human', 'sub_labels_conf': 0.9999988079071045, 'id': 6}]"
10,2024/5/22 Wednesday 0:0:55,"[{'box': [472.39312744140625, 194.5853271484375, 46.9339599609375, 90.24430847167969], 'conf': 0.9106485, 'label_id': 'cell phone', 'sub_labels': 'other', 'sub_labels_conf': 0.9557451605796814, 'id': 1}, {'box': [539.56982421875, 328.19000244140625, 33.712158203125, 53.29522705078125], 'conf': 0.82574993, 'label_id': 'mouse', 'sub_labels': 'not_human', 'sub_labels_conf': 0.5782958269119263, 'id': 2}, {'box': [409.4471435546875, 304.2731018066406, 203.8876953125, 76.66387939453125], 'conf': 0.75138634, 'label_id': 'keyboard', 'sub_labels': 'not_human', 'sub_labels_conf': 0.9980055689811707, 'id': 3}, {'box': [1030.8651123046875, 244.769775390625, 64.5234375, 46.27171325683594], 'conf': 0.4787571, 'label_id': 'cup', 'sub_labels': 'other', 'sub_labels_conf': 0.9991990923881531, 'id': 4}, {'box': [545.052490234375, 59.82147979736328, 205.56900024414062, 118.07231140136719], 'conf': 0.5799492, 'label_id': 'tv', 'sub_labels': 'not_human', 'sub_labels_conf': 0.42882001399993896, 'id': 5}, {'box': [431.3807678222656, 313.99725341796875, 333.09991455078125, 172.7691192626953], 'conf': 0.60174274, 'label_id': 'laptop', 'sub_labels': 'not_human', 'sub_labels_conf': 0.9999988079071045, 'id': 6}]"
11,2024/5/22 Wednesday 0:0:55,"[{'box': [472.407470703125, 194.5611572265625, 46.9935302734375, 90.35337829589844], 'conf': 0.911926, 'label_id': 'cell phone', 'sub_labels': 'other', 'sub_labels_conf': 0.9557451605796814, 'id': 1}, {'box': [539.5694580078125, 328.18658447265625, 33.73626708984375, 53.30279541015625], 'conf': 0.8084289, 'label_id': 'mouse', 'sub_labels': 'not_human', 'sub_labels_conf': 0.5782958269119263, 'id': 2}, {'box': [409.44097900390625, 304.2620849609375, 203.86434936523438, 76.71615600585938], 'conf': 0.7530678, 'label_id': 'keyboard', 'sub_labels': 'not_human', 'sub_labels_conf': 0.9980055689811707, 'id': 3}, {'box': [1030.9085693359375, 244.78445434570312, 64.44720458984375, 46.28953552246094], 'conf': 0.5682823, 'label_id': 'cup', 'sub_labels': 'other', 'sub_labels_conf': 0.9991990923881531, 'id': 4}, {'box': [544.8751220703125, 59.77008819580078, 205.20474243164062, 117.92160034179688], 'conf': 0.58966863, 'label_id': 'tv', 'sub_labels': 'other', 'sub_labels_conf': 0.4832594394683838, 'id': 5}, {'box': [431.5306396484375, 314.1302490234375, 333.2212219238281, 172.58087158203125], 'conf': 0.6371718, 'label_id': 'laptop', 'sub_labels': 'not_human', 'sub_labels_conf': 0.9999988079071045, 'id': 6}]"
12,2024/5/22 Wednesday 0:0:55,"[{'box': [472.4176025390625, 194.56777954101562, 46.9764404296875, 90.31837463378906], 'conf': 0.91044176, 'label_id': 'cell phone', 'sub_labels': 'other', 'sub_labels_conf': 0.9557451605796814, 'id': 1}, {'box': [539.5904541015625, 328.162353515625, 33.74078369140625, 53.246429443359375], 'conf': 0.8339143, 'label_id': 'mouse', 'sub_labels': 'not_human', 'sub_labels_conf': 0.5782958269119263, 'id': 2}, {'box': [409.38751220703125, 304.24066162109375, 203.94717407226562, 76.66049194335938], 'conf': 0.764022, 'label_id': 'keyboard', 'sub_labels': 'not_human', 'sub_labels_conf': 0.9980055689811707, 'id': 3}, {'box': [1030.863037109375, 244.89370727539062, 64.5802001953125, 46.16429138183594], 'conf': 0.45353672, 'label_id': 'cup', 'sub_labels': 'other', 'sub_labels_conf': 0.9991990923881531, 'id': 4}, {'box': [544.9916381835938, 59.8931884765625, 205.46484375, 118.23614501953125], 'conf': 0.59592944, 'label_id': 'tv', 'sub_labels': 'not_human', 'sub_labels_conf': 0.4698181748390198, 'id': 5}, {'box': [431.562744140625, 314.0841064453125, 333.0545959472656, 172.50949096679688], 'conf': 0.5891768, 'label_id': 'laptop', 'sub_labels': 'not_human', 'sub_labels_conf': 0.9999988079071045, 'id': 6}]"
13,2024/5/22 Wednesday 0:0:55,"[{'box': [472.4206237792969, 194.60177612304688, 46.96551513671875, 90.2388916015625], 'conf': 0.90799963, 'label_id': 'cell phone', 'sub_labels': 'other', 'sub_labels_conf': 0.9557451605796814, 'id': 1}, {'box': [539.5989990234375, 328.14776611328125, 33.7239990234375, 53.240814208984375], 'conf': 0.8319432, 'label_id': 'mouse', 'sub_labels': 'not_human', 'sub_labels_conf': 0.5782958269119263, 'id': 2}, {'box': [409.4046325683594, 304.20977783203125, 203.72967529296875, 76.57846069335938], 'conf': 0.7592281, 'label_id': 'keyboard', 'sub_labels': 'not_human', 'sub_labels_conf': 0.9980055689811707, 'id': 3}, {'box': [1030.882080078125, 244.83651733398438, 64.49163818359375, 46.197998046875], 'conf': 0.577373, 'label_id': 'cup', 'sub_labels': 'other', 'sub_labels_conf': 0.9991990923881531, 'id': 4}, {'box': [545.1299438476562, 60.51967239379883, 205.6414794921875, 119.47122955322266], 'conf': 0.6234811, 'label_id': 'tv', 'sub_labels': 'other', 'sub_labels_conf': 0.6334521770477295, 'id': 5}, {'box': [431.53741455078125, 314.0353088378906, 333.4281005859375, 172.19606018066406], 'conf': 0.6378505, 'label_id': 'laptop', 'sub_labels': 'not_human', 'sub_labels_conf': 0.9999988079071045, 'id': 6}, {'box': [827.71533203125, 326.3028564453125, 260.06768798828125, 82.53701782226562], 'conf': 0.6259595, 'label_id': 'keyboard', 'sub_labels': 'not_human', 'sub_labels_conf': 0.9912363290786743, 'id': 7}]"
14,2024/5/22 Wednesday 0:0:55,"[{'box': [472.41094970703125, 194.66055297851562, 46.887237548828125, 90.13200378417969], 'conf': 0.90510106, 'label_id': 'cell phone', 'sub_labels': 'other', 'sub_labels_conf': 0.9557451605796814, 'id': 1}, {'box': [539.606689453125, 328.1408386230469, 33.6998291015625, 53.1761474609375], 'conf': 0.8384966, 'label_id': 'mouse', 'sub_labels': 'not_human', 'sub_labels_conf': 0.5782958269119263, 'id': 2}, {'box': [409.34814453125, 304.2845764160156, 203.93807983398438, 76.5234375], 'conf': 0.7742627, 'label_id': 'keyboard', 'sub_labels': 'not_human', 'sub_labels_conf': 0.9980055689811707, 'id': 3}, {'box': [1030.88916015625, 244.93247985839844, 64.46795654296875, 46.128631591796875], 'conf': 0.6557307, 'label_id': 'cup', 'sub_labels': 'other', 'sub_labels_conf': 0.9991990923881531, 'id': 4}, {'box': [545.2728271484375, 60.74016571044922, 205.86309814453125, 119.87565612792969], 'conf': 0.6255218, 'label_id': 'tv', 'sub_labels': 'other', 'sub_labels_conf': 0.6334521770477295, 'id': 5}, {'box': [431.43194580078125, 313.9443054199219, 333.3486022949219, 172.1101837158203], 'conf': 0.5184477, 'label_id': 'laptop', 'sub_labels': 'not_human', 'sub_labels_conf': 0.9999988079071045, 'id': 6}, {'box': [823.149658203125, 331.02996826171875, 268.49676513671875, 92.63421630859375], 'conf': 0.8015511, 'label_id': 'keyboard', 'sub_labels': 'not_human', 'sub_labels_conf': 0.9840100407600403, 'id': 7}]"
15,2024/5/22 Wednesday 0:0:55,"[{'box': [472.4228515625, 194.64976501464844, 46.903228759765625, 90.12979125976562], 'conf': 0.9059235, 'label_id': 'cell phone', 'sub_labels': 'other', 'sub_labels_conf': 0.9557451605796814, 'id': 1}, {'box': [539.5658569335938, 328.2074279785156, 33.4608154296875, 53.23028564453125], 'conf': 0.8159008, 'label_id': 'mouse', 'sub_labels': 'not_human', 'sub_labels_conf': 0.5782958269119263, 'id': 2}, {'box': [409.3240661621094, 304.32525634765625, 203.93695068359375, 76.53256225585938], 'conf': 0.77709085, 'label_id': 'keyboard', 'sub_labels': 'not_human', 'sub_labels_conf': 0.9980055689811707, 'id': 3}, {'box': [1030.894287109375, 244.9897003173828, 64.46881103515625, 46.071929931640625], 'conf': 0.6931203, 'label_id': 'cup', 'sub_labels': 'other', 'sub_labels_conf': 0.9991990923881531, 'id': 4}, {'box': [545.2862548828125, 60.81934356689453, 205.90567016601562, 120.01722717285156], 'conf': 0.61904514, 'label_id': 'tv', 'sub_labels': 'other', 'sub_labels_conf': 0.6786680221557617, 'id': 5}, {'box': [431.4603576660156, 314.024169921875, 333.46759033203125, 172.12661743164062], 'conf': 0.6525462, 'label_id': 'laptop', 'sub_labels': 'not_human', 'sub_labels_conf': 0.9999988079071045, 'id': 6}, {'box': [811.4087524414062, 334.7999572753906, 291.4405517578125, 100.4923095703125], 'conf': 0.8318307, 'label_id': 'keyboard', 'sub_labels': 'not_human', 'sub_labels_conf': 0.9857109189033508, 'id': 7}]"
16,2024/5/22 Wednesday 0:0:55,"[{'box': [472.429443359375, 194.647216796875, 46.932037353515625, 90.12657165527344], 'conf': 0.90664315, 'label_id': 'cell phone', 'sub_labels': 'other', 'sub_labels_conf': 0.9557451605796814, 'id': 1}, {'box': [539.5975341796875, 328.14605712890625, 33.57476806640625, 53.130462646484375], 'conf': 0.8502843, 'label_id': 'mouse', 'sub_labels': 'not_human', 'sub_labels_conf': 0.5782958269119263, 'id': 2}, {'box': [409.3047180175781, 304.29345703125, 203.930908203125, 76.47055053710938], 'conf': 0.7853012, 'label_id': 'keyboard', 'sub_labels': 'not_human', 'sub_labels_conf': 0.9980055689811707, 'id': 3}, {'box': [1030.908935546875, 244.9758758544922, 64.4571533203125, 46.054290771484375], 'conf': 0.6884219, 'label_id': 'cup', 'sub_labels': 'other', 'sub_labels_conf': 0.9991990923881531, 'id': 4}, {'box': [545.2130737304688, 60.82740783691406, 205.74539184570312, 120.05058288574219], 'conf': 0.6419493, 'label_id': 'tv', 'sub_labels': 'other', 'sub_labels_conf': 0.6786680221557617, 'id': 5}, {'box': [431.46685791015625, 313.79888916015625, 333.0263671875, 171.31163024902344], 'conf': 0.6186148, 'label_id': 'laptop', 'sub_labels': 'not_human', 'sub_labels_conf': 0.999998927116394, 'id': 6}, {'box': [807.7890625, 335.5877685546875, 298.16241455078125, 102.27700805664062], 'conf': 0.8415859, 'label_id': 'keyboard', 'sub_labels': 'not_human', 'sub_labels_conf': 0.9912332892417908, 'id': 7}]"
17,2024/5/22 Wednesday 0:0:55,"[{'box': [472.4329833984375, 194.63719177246094, 46.938629150390625, 90.13232421875], 'conf': 0.9066568, 'label_id': 'cell phone', 'sub_labels': 'other', 'sub_labels_conf': 0.9557451605796814, 'id': 1}, {'box': [539.6041259765625, 328.1290283203125, 33.5592041015625, 53.0872802734375], 'conf': 0.8442969, 'label_id': 'mouse', 'sub_labels': 'not_human', 'sub_labels_conf': 0.5782958269119263, 'id': 2}, {'box': [409.3874206542969, 304.3072509765625, 203.8824462890625, 76.40603637695312], 'conf': 0.77640796, 'label_id': 'keyboard', 'sub_labels': 'not_human', 'sub_labels_conf': 0.9980055689811707, 'id': 3}, {'box': [1030.900390625, 244.9495849609375, 64.46710205078125, 46.02796936035156], 'conf': 0.6704202, 'label_id': 'cup', 'sub_labels': 'other', 'sub_labels_conf': 0.9991990923881531, 'id': 4}, {'box': [545.2042236328125, 60.77605056762695, 205.73513793945312, 119.96247100830078], 'conf': 0.6221159, 'label_id': 'tv', 'sub_labels': 'other', 'sub_labels_conf': 0.6334521770477295, 'id': 5}, {'box': [431.2624816894531, 313.51019287109375, 333.15802001953125, 171.14044189453125], 'conf': 0.52763885, 'label_id': 'laptop', 'sub_labels': 'not_human', 'sub_labels_conf': 0.9999988079071045, 'id': 6}, {'box': [807.6466064453125, 335.85693359375, 297.88714599609375, 102.92459106445312], 'conf': 0.86727875, 'label_id': 'keyboard', 'sub_labels': 'not_human', 'sub_labels_conf': 0.9874665141105652, 'id': 7}]"
18,2024/5/22 Wednesday 0:0:55,"[{'box': [472.4373779296875, 194.6514892578125, 46.962677001953125, 90.14305114746094], 'conf': 0.9071778, 'label_id': 'cell phone', 'sub_labels': 'other', 'sub_labels_conf': 0.9557451605796814, 'id': 1}, {'box': [539.5703125, 328.2290344238281, 33.35614013671875, 53.27581787109375], 'conf': 0.82144845, 'label_id': 'mouse', 'sub_labels': 'not_human', 'sub_labels_conf': 0.5782958269119263, 'id': 2}, {'box': [409.4295349121094, 304.39642333984375, 203.88177490234375, 76.44534301757812], 'conf': 0.7713547, 'label_id': 'keyboard', 'sub_labels': 'not_human', 'sub_labels_conf': 0.9980055689811707, 'id': 3}, {'box': [1030.9056396484375, 244.97903442382812, 64.45806884765625, 46.02262878417969], 'conf': 0.7103287, 'label_id': 'cup', 'sub_labels': 'other', 'sub_labels_conf': 0.9991990923881531, 'id': 4}, {'box': [545.02734375, 60.60959243774414, 205.27407836914062, 119.51184844970703], 'conf': 0.64376897, 'label_id': 'tv', 'sub_labels': 'other', 'sub_labels_conf': 0.6334521770477295, 'id': 5}, {'box': [432.21820068359375, 311.80694580078125, 330.7175598144531, 167.83493041992188], 'conf': 0.48454776, 'label_id': 'laptop', 'sub_labels': 'not_human', 'sub_labels_conf': 0.9999986886978149, 'id': 6}, {'box': [809.36474609375, 335.5142822265625, 293.9561767578125, 102.17929077148438], 'conf': 0.8618668, 'label_id': 'keyboard', 'sub_labels': 'not_human', 'sub_labels_conf': 0.9903426170349121, 'id': 7}]"
19,2024/5/22 Wednesday 0:0:55,"[{'box': [472.439453125, 194.64559936523438, 46.9678955078125, 90.13273620605469], 'conf': 0.9069509, 'label_id': 'cell phone', 'sub_labels': 'other', 'sub_labels_conf': 0.9557451605796814, 'id': 1}, {'box': [539.5997314453125, 328.175537109375, 33.4892578125, 53.206817626953125], 'conf': 0.83819836, 'label_id': 'mouse', 'sub_labels': 'not_human', 'sub_labels_conf': 0.5782958269119263, 'id': 2}, {'box': [409.4393615722656, 304.3685302734375, 203.9442138671875, 76.37997436523438], 'conf': 0.7743137, 'label_id': 'keyboard', 'sub_labels': 'not_human', 'sub_labels_conf': 0.9980055689811707, 'id': 3}, {'box': [1030.8804931640625, 244.97203063964844, 64.45587158203125, 46.051544189453125], 'conf': 0.69656736, 'label_id': 'cup', 'sub_labels': 'other', 'sub_labels_conf': 0.9992908239364624, 'id': 4}, {'box': [544.9844970703125, 60.63074493408203, 205.23257446289062, 119.58871459960938], 'conf': 0.6249847, 'label_id': 'tv', 'sub_labels': 'other', 'sub_labels_conf': 0.5653119087219238, 'id': 5}, {'box': [431.44073486328125, 312.026123046875, 332.3799133300781, 169.41729736328125], 'conf': 0.47050568, 'label_id': 'laptop', 'sub_labels': 'not_human', 'sub_labels_conf': 0.9999982118606567, 'id': 6}, {'box': [811.5128784179688, 335.45855712890625, 290.0875244140625, 101.89797973632812], 'conf': 0.85420346, 'label_id': 'keyboard', 'sub_labels': 'not_human', 'sub_labels_conf': 0.972991943359375, 'id': 7}]"
20,2024/5/22 Wednesday 0:0:55,"[{'box': [472.43499755859375, 194.63388061523438, 46.9376220703125, 90.11521911621094], 'conf': 0.9071955, 'label_id': 'cell phone', 'sub_labels': 'other', 'sub_labels_conf': 0.9557451605796814, 'id': 1}, {'box': [539.6123046875, 328.1728515625, 33.5902099609375, 53.291473388671875], 'conf': 0.8273037, 'label_id': 'mouse', 'sub_labels': 'not_human', 'sub_labels_conf': 0.5782958269119263, 'id': 2}, {'box': [409.4091796875, 304.391845703125, 204.19293212890625, 76.34848022460938], 'conf': 0.7923588, 'label_id': 'keyboard', 'sub_labels': 'not_human', 'sub_labels_conf': 0.9976248145103455, 'id': 3}, {'box': [1030.8798828125, 244.94924926757812, 64.4364013671875, 46.07945251464844], 'conf': 0.69280094, 'label_id': 'cup', 'sub_labels': 'other', 'sub_labels_conf': 0.9992908239364624, 'id': 4}, {'box': [545.05126953125, 60.30998229980469, 205.36764526367188, 118.98019409179688], 'conf': 0.61040145, 'label_id': 'tv', 'sub_labels': 'other', 'sub_labels_conf': 0.6334521770477295, 'id': 5}, {'box': [432.55670166015625, 311.7033996582031, 330.6681213378906, 168.0684356689453], 'conf': 0.39737228, 'label_id': 'laptop', 'sub_labels': 'not_human', 'sub_labels_conf': 0.9999979734420776, 'id': 6}, {'box': [813.2762451171875, 335.19061279296875, 285.862548828125, 102.02432250976562], 'conf': 0.6999551, 'label_id': 'keyboard', 'sub_labels': 'not_human', 'sub_labels_conf': 0.9736722707748413, 'id': 7}]"
21,2024/5/22 Wednesday 0:0:55,"[{'box': [472.43975830078125, 194.62625122070312, 46.921539306640625, 90.11439514160156], 'conf': 0.9080551, 'label_id': 'cell phone', 'sub_labels': 'other', 'sub_labels_conf': 0.9557451605796814, 'id': 1}, {'box': [539.634521484375, 328.15106201171875, 33.63330078125, 53.316375732421875], 'conf': 0.8228839, 'label_id': 'mouse', 'sub_labels': 'not_human', 'sub_labels_conf': 0.5782958269119263, 'id': 2}, {'box': [409.4672546386719, 304.39373779296875, 204.361572265625, 76.3934326171875], 'conf': 0.7933854, 'label_id': 'keyboard', 'sub_labels': 'not_human', 'sub_labels_conf': 0.9976248145103455, 'id': 3}, {'box': [1030.896728515625, 244.94027709960938, 64.4222412109375, 46.10498046875], 'conf': 0.7050406, 'label_id': 'cup', 'sub_labels': 'other', 'sub_labels_conf': 0.9992908239364624, 'id': 4}, {'box': [545.095458984375, 60.30219268798828, 205.43142700195312, 118.976806640625], 'conf': 0.623637, 'label_id': 'tv', 'sub_labels': 'other', 'sub_labels_conf': 0.6334521770477295, 'id': 5}, {'box': [432.8144836425781, 311.25140380859375, 330.09381103515625, 166.50730895996094], 'conf': 0.32465982, 'label_id': 'laptop', 'sub_labels': 'not_human', 'sub_labels_conf': 0.9999986886978149, 'id': 6}, {'box': [815.3168334960938, 334.9364013671875, 282.314453125, 101.35501098632812], 'conf': 0.77259177, 'label_id': 'keyboard', 'sub_labels': 'not_human', 'sub_labels_conf': 0.958276093006134, 'id': 7}]"
22,2024/5/22 Wednesday 0:0:55,"[{'box': [472.43939208984375, 194.64334106445312, 46.909637451171875, 90.08126831054688], 'conf': 0.9085518, 'label_id': 'cell phone', 'sub_labels': 'other', 'sub_labels_conf': 0.9557451605796814, 'id': 1}, {'box': [539.653076171875, 328.161376953125, 33.64178466796875, 53.301361083984375], 'conf': 0.82561815, 'label_id': 'mouse', 'sub_labels': 'not_human', 'sub_labels_conf': 0.5782958269119263, 'id': 2}, {'box': [409.49658203125, 304.3837585449219, 204.34365844726562, 76.365478515625], 'conf': 0.78660977, 'label_id': 'keyboard', 'sub_labels': 'not_human', 'sub_labels_conf': 0.9976248145103455, 'id': 3}, {'box': [1030.8946533203125, 244.96047973632812, 64.41400146484375, 46.09144592285156], 'conf': 0.71247506, 'label_id': 'cup', 'sub_labels': 'other', 'sub_labels_conf': 0.9992908239364624, 'id': 4}, {'box': [545.1064453125, 60.55511474609375, 205.37686157226562, 119.47119140625], 'conf': 0.6323449, 'label_id': 'tv', 'sub_labels': 'other', 'sub_labels_conf': 0.6334521770477295, 'id': 5}, {'box': [433.42108154296875, 311.12371826171875, 330.7015380859375, 165.7876739501953], 'conf': 0.30023447, 'label_id': 'laptop', 'sub_labels': 'not_human', 'sub_labels_conf': 0.999998927116394, 'id': 6}, {'box': [816.4688110351562, 334.0968322753906, 281.6854248046875, 99.44891357421875], 'conf': 0.7199958, 'label_id': 'keyboard', 'sub_labels': 'not_human', 'sub_labels_conf': 0.9270288348197937, 'id': 7}]"
23,2024/5/22 Wednesday 0:0:55,"[{'box': [472.4423828125, 194.62234497070312, 46.951141357421875, 90.15562438964844], 'conf': 0.91022015, 'label_id': 'cell phone', 'sub_labels': 'other', 'sub_labels_conf': 0.9557451605796814, 'id': 1}, {'box': [539.6533813476562, 328.17230224609375, 33.659423828125, 53.324188232421875], 'conf': 0.8333003, 'label_id': 'mouse', 'sub_labels': 'not_human', 'sub_labels_conf': 0.5782958269119263, 'id': 2}, {'box': [409.4964599609375, 304.40087890625, 204.30636596679688, 76.38641357421875], 'conf': 0.7819509, 'label_id': 'keyboard', 'sub_labels': 'not_human', 'sub_labels_conf': 0.9976248145103455, 'id': 3}, {'box': [1030.9075927734375, 244.90240478515625, 64.40765380859375, 46.16468811035156], 'conf': 0.6050139, 'label_id': 'cup', 'sub_labels': 'other', 'sub_labels_conf': 0.9992908239364624, 'id': 4}, {'box': [545.1156005859375, 60.54008102416992, 205.45944213867188, 119.4913558959961], 'conf': 0.6200754, 'label_id': 'tv', 'sub_labels': 'other', 'sub_labels_conf': 0.6334521770477295, 'id': 5}, {'box': [432.1202697753906, 312.17498779296875, 332.75115966796875, 167.9875946044922], 'conf': 0.3675174, 'label_id': 'laptop', 'sub_labels': 'not_human', 'sub_labels_conf': 0.9999985694885254, 'id': 6}, {'box': [818.439453125, 333.71240234375, 280.18994140625, 97.65789794921875], 'conf': 0.66749376, 'label_id': 'keyboard', 'sub_labels': 'not_human', 'sub_labels_conf': 0.901430606842041, 'id': 7}]"
24,2024/5/22 Wednesday 0:0:55,"[{'box': [472.4386291503906, 194.60586547851562, 46.96380615234375, 90.20768737792969], 'conf': 0.9104208, 'label_id': 'cell phone', 'sub_labels': 'other', 'sub_labels_conf': 0.9557451605796814, 'id': 1}, {'box': [539.6419677734375, 328.15863037109375, 33.64990234375, 53.349029541015625], 'conf': 0.8330468, 'label_id': 'mouse', 'sub_labels': 'not_human', 'sub_labels_conf': 0.5782958269119263, 'id': 2}, {'box': [409.52471923828125, 304.39239501953125, 204.22476196289062, 76.38406372070312], 'conf': 0.7830754, 'label_id': 'keyboard', 'sub_labels': 'not_human', 'sub_labels_conf': 0.9976248145103455, 'id': 3}, {'box': [1030.9266357421875, 244.89691162109375, 64.39794921875, 46.18341064453125], 'conf': 0.6197006, 'label_id': 'cup', 'sub_labels': 'other', 'sub_labels_conf': 0.9992908239364624, 'id': 4}, {'box': [545.0546875, 60.36207580566406, 205.36761474609375, 119.15580749511719], 'conf': 0.5992811, 'label_id': 'tv', 'sub_labels': 'other', 'sub_labels_conf': 0.6334521770477295, 'id': 5}, {'box': [431.3088073730469, 312.5121765136719, 333.78851318359375, 168.45420837402344], 'conf': 0.45682162, 'label_id': 'laptop', 'sub_labels': 'not_human', 'sub_labels_conf': 0.9999980926513672, 'id': 6}, {'box': [819.39697265625, 333.60968017578125, 279.673828125, 97.24044799804688], 'conf': 0.71162474, 'label_id': 'keyboard', 'sub_labels': 'not_human', 'sub_labels_conf': 0.8647874593734741, 'id': 7}]"
25,2024/5/22 Wednesday 0:0:56,"[{'box': [472.4205017089844, 194.62179565429688, 46.94171142578125, 90.20294189453125], 'conf': 0.90784246, 'label_id': 'cell phone', 'sub_labels': 'other', 'sub_labels_conf': 0.9557451605796814, 'id': 1}, {'box': [539.6350708007812, 328.19171142578125, 33.660888671875, 53.400604248046875], 'conf': 0.83950883, 'label_id': 'mouse', 'sub_labels': 'not_human', 'sub_labels_conf': 0.5782958269119263, 'id': 2}, {'box': [409.4891052246094, 304.362060546875, 204.0186767578125, 76.26889038085938], 'conf': 0.77467996, 'label_id': 'keyboard', 'sub_labels': 'not_human', 'sub_labels_conf': 0.9976248145103455, 'id': 3}, {'box': [1030.9315185546875, 244.8874969482422, 64.39129638671875, 46.203033447265625], 'conf': 0.6080562, 'label_id': 'cup', 'sub_labels': 'other', 'sub_labels_conf': 0.9992908239364624, 'id': 4}, {'box': [545.1683349609375, 60.54727554321289, 205.63662719726562, 119.55060577392578], 'conf': 0.6043113, 'label_id': 'tv', 'sub_labels': 'other', 'sub_labels_conf': 0.6334521770477295, 'id': 5}, {'box': [430.97406005859375, 312.5572204589844, 334.5903015136719, 168.63648986816406], 'conf': 0.5275856, 'label_id': 'laptop', 'sub_labels': 'not_human', 'sub_labels_conf': 0.9999988079071045, 'id': 6}, {'box': [819.3316650390625, 333.41302490234375, 279.55029296875, 96.7802734375], 'conf': 0.7224064, 'label_id': 'keyboard', 'sub_labels': 'not_human', 'sub_labels_conf': 0.8586887717247009, 'id': 7}]"
26,2024/5/22 Wednesday 0:0:56,"[{'box': [472.42730712890625, 194.665283203125, 46.945281982421875, 90.14360046386719], 'conf': 0.90851235, 'label_id': 'cell phone', 'sub_labels': 'other', 'sub_labels_conf': 0.9557451605796814, 'id': 1}, {'box': [539.6397094726562, 328.18896484375, 33.6612548828125, 53.357269287109375], 'conf': 0.8470561, 'label_id': 'mouse', 'sub_labels': 'not_human', 'sub_labels_conf': 0.5782958269119263, 'id': 2}, {'box': [409.43084716796875, 304.3566589355469, 204.05349731445312, 76.20587158203125], 'conf': 0.7812548, 'label_id': 'keyboard', 'sub_labels': 'not_human', 'sub_labels_conf': 0.9976248145103455, 'id': 3}, {'box': [1030.942626953125, 244.863525390625, 64.38861083984375, 46.23158264160156], 'conf': 0.5812659, 'label_id': 'cup', 'sub_labels': 'other', 'sub_labels_conf': 0.9992908239364624, 'id': 4}, {'box': [545.2013549804688, 60.6722297668457, 205.66476440429688, 119.7645492553711], 'conf': 0.62553936, 'label_id': 'tv', 'sub_labels': 'other', 'sub_labels_conf': 0.6334521770477295, 'id': 5}, {'box': [430.862060546875, 312.7921142578125, 334.5784912109375, 168.82473754882812], 'conf': 0.4998028, 'label_id': 'laptop', 'sub_labels': 'not_human', 'sub_labels_conf': 0.9999988079071045, 'id': 6}, {'box': [819.5733642578125, 333.2735290527344, 278.89910888671875, 96.43408203125], 'conf': 0.72303605, 'label_id': 'keyboard', 'sub_labels': 'not_human', 'sub_labels_conf': 0.8717367649078369, 'id': 7}]"
27,2024/5/22 Wednesday 0:0:56,"[{'box': [472.43756103515625, 194.69058227539062, 46.966766357421875, 90.12455749511719], 'conf': 0.90838695, 'label_id': 'cell phone', 'sub_labels': 'other', 'sub_labels_conf': 0.9557451605796814, 'id': 1}, {'box': [539.65087890625, 328.1870422363281, 33.653076171875, 53.319580078125], 'conf': 0.84743273, 'label_id': 'mouse', 'sub_labels': 'not_human', 'sub_labels_conf': 0.5782958269119263, 'id': 2}, {'box': [409.3887939453125, 304.3583984375, 204.08041381835938, 76.13113403320312], 'conf': 0.78460276, 'label_id': 'keyboard', 'sub_labels': 'not_human', 'sub_labels_conf': 0.9976248145103455, 'id': 3}, {'box': [1030.940185546875, 244.810546875, 64.3973388671875, 46.26463317871094], 'conf': 0.52895486, 'label_id': 'cup', 'sub_labels': 'other', 'sub_labels_conf': 0.9992908239364624, 'id': 4}, {'box': [545.1755981445312, 60.68758010864258, 205.57803344726562, 119.71210479736328], 'conf': 0.6210078, 'label_id': 'tv', 'sub_labels': 'other', 'sub_labels_conf': 0.6334521770477295, 'id': 5}, {'box': [430.8138427734375, 312.8602600097656, 334.5013427734375, 168.9811248779297], 'conf': 0.4764459, 'label_id': 'laptop', 'sub_labels': 'not_human', 'sub_labels_conf': 0.9999988079071045, 'id': 6}, {'box': [819.7147216796875, 333.074951171875, 278.92608642578125, 96.4161376953125], 'conf': 0.67054415, 'label_id': 'keyboard', 'sub_labels': 'not_human', 'sub_labels_conf': 0.8562334179878235, 'id': 7}]"
28,2024/5/22 Wednesday 0:0:56,"[{'box': [472.45947265625, 194.68719482421875, 46.96197509765625, 90.11038208007812], 'conf': 0.9080268, 'label_id': 'cell phone', 'sub_labels': 'other', 'sub_labels_conf': 0.9557451605796814, 'id': 1}, {'box': [539.6650390625, 328.1798095703125, 33.659423828125, 53.303863525390625], 'conf': 0.8519488, 'label_id': 'mouse', 'sub_labels': 'not_human', 'sub_labels_conf': 0.5782958269119263, 'id': 2}, {'box': [409.4117431640625, 304.3353576660156, 204.00604248046875, 76.08038330078125], 'conf': 0.7760189, 'label_id': 'keyboard', 'sub_labels': 'not_human', 'sub_labels_conf': 0.9976248145103455, 'id': 3}, {'box': [1030.9437255859375, 244.79354858398438, 64.391845703125, 46.29615783691406], 'conf': 0.5439861, 'label_id': 'cup', 'sub_labels': 'other', 'sub_labels_conf': 0.9992908239364624, 'id': 4}, {'box': [545.1888427734375, 60.821739196777344, 205.52178955078125, 119.94113159179688], 'conf': 0.63220793, 'label_id': 'tv', 'sub_labels': 'other', 'sub_labels_conf': 0.6334521770477295, 'id': 5}, {'box': [430.8177490234375, 312.8119201660156, 334.3891906738281, 169.03260803222656], 'conf': 0.55397063, 'label_id': 'laptop', 'sub_labels': 'not_human', 'sub_labels_conf': 0.9999988079071045, 'id': 6}, {'box': [819.6153564453125, 332.7695007324219, 280.56329345703125, 96.23797607421875], 'conf': 0.4775431, 'label_id': 'keyboard', 'sub_labels': 'not_human', 'sub_labels_conf': 0.8544021844863892, 'id': 7}]"
29,2024/5/22 Wednesday 0:0:56,"[{'box': [472.47662353515625, 194.683349609375, 46.964691162109375, 90.12178039550781], 'conf': 0.9094956, 'label_id': 'cell phone', 'sub_labels': 'other', 'sub_labels_conf': 0.9557451605796814, 'id': 1}, {'box': [539.6810302734375, 328.1854248046875, 33.66119384765625, 53.288543701171875], 'conf': 0.8493792, 'label_id': 'mouse', 'sub_labels': 'not_human', 'sub_labels_conf': 0.5782958269119263, 'id': 2}, {'box': [409.365234375, 304.33685302734375, 204.17742919921875, 75.93917846679688], 'conf': 0.79024804, 'label_id': 'keyboard', 'sub_labels': 'not_human', 'sub_labels_conf': 0.998369038105011, 'id': 3}, {'box': [1030.9393310546875, 244.78070068359375, 64.39935302734375, 46.29676818847656], 'conf': 0.55488425, 'label_id': 'cup', 'sub_labels': 'other', 'sub_labels_conf': 0.9992908239364624, 'id': 4}, {'box': [545.186279296875, 60.8154411315918, 205.50543212890625, 119.88675689697266], 'conf': 0.62174934, 'label_id': 'tv', 'sub_labels': 'other', 'sub_labels_conf': 0.6334521770477295, 'id': 5}, {'box': [430.868896484375, 312.904052734375, 333.9543762207031, 169.0423126220703], 'conf': 0.5548485, 'label_id': 'laptop', 'sub_labels': 'not_human', 'sub_labels_conf': 0.999998927116394, 'id': 6}, {'box': [819.2220458984375, 333.0190124511719, 281.08172607421875, 96.25006103515625], 'conf': 0.5662001, 'label_id': 'keyboard', 'sub_labels': 'not_human', 'sub_labels_conf': 0.9479865431785583, 'id': 7}]"
30,2024/5/22 Wednesday 0:0:56,"[{'box': [472.49774169921875, 194.63717651367188, 46.972930908203125, 90.18753051757812], 'conf': 0.91053826, 'label_id': 'cell phone', 'sub_labels': 'other', 'sub_labels_conf': 0.9557451605796814, 'id': 1}, {'box': [539.6947021484375, 328.17333984375, 33.65887451171875, 53.302490234375], 'conf': 0.84725606, 'label_id': 'mouse', 'sub_labels': 'not_human', 'sub_labels_conf': 0.5782958269119263, 'id': 2}, {'box': [409.3895263671875, 304.2699279785156, 204.13668823242188, 76.01202392578125], 'conf': 0.7867307, 'label_id': 'keyboard', 'sub_labels': 'not_human', 'sub_labels_conf': 0.9976248145103455, 'id': 3}, {'box': [1030.94384765625, 244.82620239257812, 64.3797607421875, 46.28434753417969], 'conf': 0.62062776, 'label_id': 'cup', 'sub_labels': 'other', 'sub_labels_conf': 0.9992908239364624, 'id': 4}, {'box': [545.271484375, 60.924137115478516, 205.73944091796875, 120.18633270263672], 'conf': 0.62386656, 'label_id': 'tv', 'sub_labels': 'other', 'sub_labels_conf': 0.6786680221557617, 'id': 5}, {'box': [430.8736572265625, 312.90771484375, 334.0184631347656, 169.28494262695312], 'conf': 0.6181591, 'label_id': 'laptop', 'sub_labels': 'not_human', 'sub_labels_conf': 0.9999988079071045, 'id': 6}, {'box': [818.7798461914062, 333.0472412109375, 280.8443603515625, 96.08135986328125], 'conf': 0.6514249, 'label_id': 'keyboard', 'sub_labels': 'not_human', 'sub_labels_conf': 0.8988812565803528, 'id': 7}]"
31,2024/5/22 Wednesday 0:0:56,"[{'box': [472.49755859375, 194.62828063964844, 46.988494873046875, 90.19512939453125], 'conf': 0.90986353, 'label_id': 'cell phone', 'sub_labels': 'other', 'sub_labels_conf': 0.9557451605796814, 'id': 1}, {'box': [539.6852416992188, 328.15576171875, 33.6605224609375, 53.319488525390625], 'conf': 0.8461006, 'label_id': 'mouse', 'sub_labels': 'not_human', 'sub_labels_conf': 0.5782958269119263, 'id': 2}, {'box': [409.3883056640625, 304.2735595703125, 204.18795776367188, 76.05026245117188], 'conf': 0.79456115, 'label_id': 'keyboard', 'sub_labels': 'not_human', 'sub_labels_conf': 0.9976248145103455, 'id': 3}, {'box': [1030.9334716796875, 244.84619140625, 64.38232421875, 46.24885559082031], 'conf': 0.61179, 'label_id': 'cup', 'sub_labels': 'other', 'sub_labels_conf': 0.9992908239364624, 'id': 4}, {'box': [545.4481811523438, 61.10179901123047, 206.11288452148438, 120.63772583007812], 'conf': 0.6325537, 'label_id': 'tv', 'sub_labels': 'other', 'sub_labels_conf': 0.6787808537483215, 'id': 5}, {'box': [430.8265380859375, 312.97576904296875, 334.0494689941406, 169.80465698242188], 'conf': 0.5234302, 'label_id': 'laptop', 'sub_labels': 'not_human', 'sub_labels_conf': 0.9999988079071045, 'id': 6}, {'box': [818.5599365234375, 332.98095703125, 281.54815673828125, 95.92190551757812], 'conf': 0.5919481, 'label_id': 'keyboard', 'sub_labels': 'not_human', 'sub_labels_conf': 0.849205493927002, 'id': 7}]"
32,2024/5/22 Wednesday 0:0:56,"[{'box': [472.47076416015625, 194.62200927734375, 46.934722900390625, 90.16615295410156], 'conf': 0.9090551, 'label_id': 'cell phone', 'sub_labels': 'other', 'sub_labels_conf': 0.9557451605796814, 'id': 1}, {'box': [539.666259765625, 328.1463623046875, 33.69171142578125, 53.3665771484375], 'conf': 0.83515465, 'label_id': 'mouse', 'sub_labels': 'not_human', 'sub_labels_conf': 0.5782958269119263, 'id': 2}, {'box': [409.4347839355469, 304.26611328125, 204.10491943359375, 76.1766357421875], 'conf': 0.77894497, 'label_id': 'keyboard', 'sub_labels': 'not_human', 'sub_labels_conf': 0.9976248145103455, 'id': 3}, {'box': [1030.9344482421875, 244.82769775390625, 64.39508056640625, 46.25421142578125], 'conf': 0.5954025, 'label_id': 'cup', 'sub_labels': 'other', 'sub_labels_conf': 0.9992908239364624, 'id': 4}, {'box': [545.4989013671875, 60.96664810180664, 206.22808837890625, 120.42688751220703], 'conf': 0.62978625, 'label_id': 'tv', 'sub_labels': 'other', 'sub_labels_conf': 0.6874883770942688, 'id': 5}, {'box': [430.67401123046875, 312.6951599121094, 334.3946533203125, 169.5914764404297], 'conf': 0.60959363, 'label_id': 'laptop', 'sub_labels': 'not_human', 'sub_labels_conf': 0.9999988079071045, 'id': 6}, {'box': [818.43994140625, 333.20172119140625, 281.9852294921875, 96.37606811523438], 'conf': 0.29287642, 'label_id': 'keyboard', 'sub_labels': 'not_human', 'sub_labels_conf': 0.7286723852157593, 'id': 7}]"
33,2024/5/22 Wednesday 0:0:56,"[{'box': [472.4482727050781, 194.58535766601562, 46.93572998046875, 90.18379211425781], 'conf': 0.9086324, 'label_id': 'cell phone', 'sub_labels': 'other', 'sub_labels_conf': 0.9557451605796814, 'id': 1}, {'box': [539.6385498046875, 328.1399841308594, 33.6932373046875, 53.41351318359375], 'conf': 0.83063066, 'label_id': 'mouse', 'sub_labels': 'not_human', 'sub_labels_conf': 0.5782958269119263, 'id': 2}, {'box': [409.3260192871094, 304.2833251953125, 203.9639892578125, 76.03927612304688], 'conf': 0.77645266, 'label_id': 'keyboard', 'sub_labels': 'not_human', 'sub_labels_conf': 0.9980055689811707, 'id': 3}, {'box': [1030.943359375, 244.8368377685547, 64.4007568359375, 46.250640869140625], 'conf': 0.6320886, 'label_id': 'cup', 'sub_labels': 'other', 'sub_labels_conf': 0.9992908239364624, 'id': 4}, {'box': [545.5689086914062, 61.182621002197266, 206.55908203125, 120.95719146728516], 'conf': 0.62361103, 'label_id': 'tv', 'sub_labels': 'other', 'sub_labels_conf': 0.6787808537483215, 'id': 5}, {'box': [430.61834716796875, 312.6935729980469, 334.28125, 169.53668212890625], 'conf': 0.67854017, 'label_id': 'laptop', 'sub_labels': 'not_human', 'sub_labels_conf': 0.9999988079071045, 'id': 6}, {'box': [818.8924560546875, 332.95611572265625, 281.68927001953125, 95.93405151367188], 'conf': 0.49664557, 'label_id': 'keyboard', 'sub_labels': 'other', 'sub_labels_conf': 0.5204839110374451, 'id': 7}]"
34,2024/5/22 Wednesday 0:0:56,"[{'box': [472.42437744140625, 194.55899047851562, 46.97088623046875, 90.253662109375], 'conf': 0.9096094, 'label_id': 'cell phone', 'sub_labels': 'other', 'sub_labels_conf': 0.9557451605796814, 'id': 1}, {'box': [539.607177734375, 328.1796569824219, 33.68475341796875, 53.48089599609375], 'conf': 0.8119335, 'label_id': 'mouse', 'sub_labels': 'not_human', 'sub_labels_conf': 0.5782958269119263, 'id': 2}, {'box': [409.2813415527344, 304.2459716796875, 203.850830078125, 76.09945678710938], 'conf': 0.76510245, 'label_id': 'keyboard', 'sub_labels': 'not_human', 'sub_labels_conf': 0.9980055689811707, 'id': 3}, {'box': [1030.9542236328125, 244.85089111328125, 64.40020751953125, 46.25294494628906], 'conf': 0.64242536, 'label_id': 'cup', 'sub_labels': 'other', 'sub_labels_conf': 0.9992908239364624, 'id': 4}, {'box': [545.6598510742188, 61.37120819091797, 206.77432250976562, 121.41384887695312], 'conf': 0.6234529, 'label_id': 'tv', 'sub_labels': 'other', 'sub_labels_conf': 0.6787808537483215, 'id': 5}, {'box': [430.65673828125, 312.716796875, 334.9266052246094, 169.12588500976562], 'conf': 0.6369807, 'label_id': 'laptop', 'sub_labels': 'not_human', 'sub_labels_conf': 0.9999988079071045, 'id': 6}, {'box': [819.0460815429688, 332.4578857421875, 282.595947265625, 95.00552368164062], 'conf': 0.3148397, 'label_id': 'keyboard', 'sub_labels': 'not_human', 'sub_labels_conf': 0.7501997947692871, 'id': 7}]"
35,2024/5/22 Wednesday 0:0:56,"[{'box': [472.43194580078125, 194.578369140625, 46.955657958984375, 90.21646118164062], 'conf': 0.9087415, 'label_id': 'cell phone', 'sub_labels': 'other', 'sub_labels_conf': 0.9557451605796814, 'id': 1}, {'box': [539.6087646484375, 328.18524169921875, 33.71258544921875, 53.5340576171875], 'conf': 0.80806416, 'label_id': 'mouse', 'sub_labels': 'not_human', 'sub_labels_conf': 0.5782958269119263, 'id': 2}, {'box': [409.32989501953125, 304.28717041015625, 203.91232299804688, 76.16781616210938], 'conf': 0.77452046, 'label_id': 'keyboard', 'sub_labels': 'not_human', 'sub_labels_conf': 0.9980055689811707, 'id': 3}, {'box': [1030.9498291015625, 244.88027954101562, 64.399658203125, 46.26300048828125], 'conf': 0.6521823, 'label_id': 'cup', 'sub_labels': 'other', 'sub_labels_conf': 0.9992908239364624, 'id': 4}, {'box': [545.7249145507812, 61.2537841796875, 206.74667358398438, 121.14346313476562], 'conf': 0.6401579, 'label_id': 'tv', 'sub_labels': 'other', 'sub_labels_conf': 0.6787808537483215, 'id': 5}, {'box': [430.8028869628906, 312.8050537109375, 334.80426025390625, 169.4900360107422], 'conf': 0.6486598, 'label_id': 'laptop', 'sub_labels': 'not_human', 'sub_labels_conf': 0.9999988079071045, 'id': 6}, {'box': [818.0733642578125, 332.5557556152344, 283.0714111328125, 94.8585205078125], 'conf': 0.5678503, 'label_id': 'keyboard', 'sub_labels': 'not_human', 'sub_labels_conf': 0.6201902031898499, 'id': 7}]"
36,2024/5/22 Wednesday 0:0:56,"[{'box': [472.4269104003906, 194.56826782226562, 46.9417724609375, 90.25775146484375], 'conf': 0.9108945, 'label_id': 'cell phone', 'sub_labels': 'other', 'sub_labels_conf': 0.9557451605796814, 'id': 1}, {'box': [539.5819091796875, 328.2188720703125, 33.53485107421875, 53.495758056640625], 'conf': 0.8006163, 'label_id': 'mouse', 'sub_labels': 'not_human', 'sub_labels_conf': 0.5782958269119263, 'id': 2}, {'box': [409.41156005859375, 304.3194885253906, 203.85028076171875, 76.2662353515625], 'conf': 0.7546617, 'label_id': 'keyboard', 'sub_labels': 'not_human', 'sub_labels_conf': 0.9980055689811707, 'id': 3}, {'box': [1030.9453125, 244.89035034179688, 64.39324951171875, 46.26165771484375], 'conf': 0.6547568, 'label_id': 'cup', 'sub_labels': 'other', 'sub_labels_conf': 0.9992908239364624, 'id': 4}, {'box': [545.7346801757812, 61.18873977661133, 206.8720703125, 120.9950180053711], 'conf': 0.63409233, 'label_id': 'tv', 'sub_labels': 'other', 'sub_labels_conf': 0.6787808537483215, 'id': 5}, {'box': [430.6815185546875, 312.516845703125, 334.7239990234375, 169.62269592285156], 'conf': 0.65208143, 'label_id': 'laptop', 'sub_labels': 'not_human', 'sub_labels_conf': 0.9999985694885254, 'id': 6}, {'box': [817.7476806640625, 332.6422119140625, 282.96392822265625, 94.77935791015625], 'conf': 0.6217531, 'label_id': 'keyboard', 'sub_labels': 'not_human', 'sub_labels_conf': 0.7196138501167297, 'id': 7}]"
37,2024/5/22 Wednesday 0:0:56,"[{'box': [472.4130554199219, 194.57196044921875, 46.91265869140625, 90.25619506835938], 'conf': 0.9099938, 'label_id': 'cell phone', 'sub_labels': 'other', 'sub_labels_conf': 0.9557451605796814, 'id': 1}, {'box': [539.5660400390625, 328.2319641113281, 33.44647216796875, 53.47314453125], 'conf': 0.78399944, 'label_id': 'mouse', 'sub_labels': 'not_human', 'sub_labels_conf': 0.5782958269119263, 'id': 2}, {'box': [409.41082763671875, 304.3876953125, 203.72714233398438, 76.20712280273438], 'conf': 0.7516458, 'label_id': 'keyboard', 'sub_labels': 'not_human', 'sub_labels_conf': 0.9980055689811707, 'id': 3}, {'box': [1030.9451904296875, 244.89736938476562, 64.39208984375, 46.26741027832031], 'conf': 0.65558714, 'label_id': 'cup', 'sub_labels': 'other', 'sub_labels_conf': 0.9992908239364624, 'id': 4}, {'box': [545.5789794921875, 60.97085952758789, 206.58447265625, 120.4955825805664], 'conf': 0.6269635, 'label_id': 'tv', 'sub_labels': 'other', 'sub_labels_conf': 0.6874883770942688, 'id': 5}, {'box': [430.55810546875, 312.3946838378906, 334.76123046875, 169.789306640625], 'conf': 0.6740997, 'label_id': 'laptop', 'sub_labels': 'not_human', 'sub_labels_conf': 0.9999985694885254, 'id': 6}, {'box': [817.82568359375, 332.3077392578125, 282.40936279296875, 94.11691284179688], 'conf': 0.65024126, 'label_id': 'keyboard', 'sub_labels': 'other', 'sub_labels_conf': 0.8264519572257996, 'id': 7}]"
38,2024/5/22 Wednesday 0:0:56,"[{'box': [472.436279296875, 194.5891876220703, 46.891448974609375, 90.20794677734375], 'conf': 0.9098983, 'label_id': 'cell phone', 'sub_labels': 'other', 'sub_labels_conf': 0.9557451605796814, 'id': 1}, {'box': [539.603271484375, 328.1650390625, 33.63165283203125, 53.443817138671875], 'conf': 0.8112335, 'label_id': 'mouse', 'sub_labels': 'not_human', 'sub_labels_conf': 0.5782958269119263, 'id': 2}, {'box': [409.39654541015625, 304.3658447265625, 203.87646484375, 76.24432373046875], 'conf': 0.7659925, 'label_id': 'keyboard', 'sub_labels': 'not_human', 'sub_labels_conf': 0.9980055689811707, 'id': 3}, {'box': [1030.9539794921875, 244.87930297851562, 64.39349365234375, 46.27409362792969], 'conf': 0.6472257, 'label_id': 'cup', 'sub_labels': 'other', 'sub_labels_conf': 0.9992908239364624, 'id': 4}, {'box': [545.5633544921875, 61.14227294921875, 206.46942138671875, 120.79290771484375], 'conf': 0.64084864, 'label_id': 'tv', 'sub_labels': 'other', 'sub_labels_conf': 0.6787808537483215, 'id': 5}, {'box': [430.5557556152344, 312.68511962890625, 334.15777587890625, 170.06166076660156], 'conf': 0.6693217, 'label_id': 'laptop', 'sub_labels': 'not_human', 'sub_labels_conf': 0.9999984502792358, 'id': 6}, {'box': [818.448974609375, 332.4534912109375, 281.0498046875, 94.5460205078125], 'conf': 0.666843, 'label_id': 'keyboard', 'sub_labels': 'other', 'sub_labels_conf': 0.8038264513015747, 'id': 7}]"
39,2024/5/22 Wednesday 0:0:56,"[{'box': [472.42413330078125, 194.61227416992188, 46.913299560546875, 90.20915222167969], 'conf': 0.90958416, 'label_id': 'cell phone', 'sub_labels': 'other', 'sub_labels_conf': 0.9557451605796814, 'id': 1}, {'box': [539.565185546875, 328.2231140136719, 33.49517822265625, 53.46185302734375], 'conf': 0.80396014, 'label_id': 'mouse', 'sub_labels': 'not_human', 'sub_labels_conf': 0.5782958269119263, 'id': 2}, {'box': [409.4330139160156, 304.41876220703125, 203.8126220703125, 76.29898071289062], 'conf': 0.7591449, 'label_id': 'keyboard', 'sub_labels': 'not_human', 'sub_labels_conf': 0.9980055689811707, 'id': 3}, {'box': [1030.9619140625, 244.864013671875, 64.40216064453125, 46.27311706542969], 'conf': 0.6584388, 'label_id': 'cup', 'sub_labels': 'other', 'sub_labels_conf': 0.9992908239364624, 'id': 4}, {'box': [545.5243530273438, 61.18423843383789, 206.31884765625, 120.82024383544922], 'conf': 0.6494987, 'label_id': 'tv', 'sub_labels': 'other', 'sub_labels_conf': 0.6787808537483215, 'id': 5}, {'box': [430.4237060546875, 312.8363037109375, 334.4964294433594, 169.81808471679688], 'conf': 0.60909384, 'label_id': 'laptop', 'sub_labels': 'not_human', 'sub_labels_conf': 0.9999983310699463, 'id': 6}, {'box': [818.1541748046875, 332.7033996582031, 281.47607421875, 94.876220703125], 'conf': 0.706301, 'label_id': 'keyboard', 'sub_labels': 'other', 'sub_labels_conf': 0.9569079279899597, 'id': 7}]"
40,2024/5/22 Wednesday 0:0:56,"[{'box': [472.4193420410156, 194.6127166748047, 46.92974853515625, 90.22134399414062], 'conf': 0.90854293, 'label_id': 'cell phone', 'sub_labels': 'other', 'sub_labels_conf': 0.9557451605796814, 'id': 1}, {'box': [539.5755615234375, 328.20025634765625, 33.64691162109375, 53.497344970703125], 'conf': 0.797256, 'label_id': 'mouse', 'sub_labels': 'not_human', 'sub_labels_conf': 0.5782958269119263, 'id': 2}, {'box': [409.4773864746094, 304.38153076171875, 203.66204833984375, 76.42489624023438], 'conf': 0.751063, 'label_id': 'keyboard', 'sub_labels': 'not_human', 'sub_labels_conf': 0.9980055689811707, 'id': 3}, {'box': [1030.9429931640625, 244.848876953125, 64.40777587890625, 46.28105163574219], 'conf': 0.6237425, 'label_id': 'cup', 'sub_labels': 'other', 'sub_labels_conf': 0.9992908239364624, 'id': 4}, {'box': [545.5697021484375, 61.27922821044922, 206.39846801757812, 121.02886962890625], 'conf': 0.6497961, 'label_id': 'tv', 'sub_labels': 'other', 'sub_labels_conf': 0.6787808537483215, 'id': 5}, {'box': [430.49530029296875, 313.0896301269531, 334.9891357421875, 169.30218505859375], 'conf': 0.6934735, 'label_id': 'laptop', 'sub_labels': 'not_human', 'sub_labels_conf': 0.9999988079071045, 'id': 6}, {'box': [818.1839599609375, 332.65411376953125, 281.92633056640625, 94.95162963867188], 'conf': 0.50840944, 'label_id': 'keyboard', 'sub_labels': 'not_human', 'sub_labels_conf': 0.5563963651657104, 'id': 7}]"
41,2024/5/22 Wednesday 0:0:56,"[{'box': [472.41796875, 194.62078857421875, 46.90704345703125, 90.19708251953125], 'conf': 0.90672696, 'label_id': 'cell phone', 'sub_labels': 'other', 'sub_labels_conf': 0.9557451605796814, 'id': 1}, {'box': [539.5848388671875, 328.18768310546875, 33.709716796875, 53.49029541015625], 'conf': 0.7996214, 'label_id': 'mouse', 'sub_labels': 'not_human', 'sub_labels_conf': 0.5782958269119263, 'id': 2}, {'box': [409.497314453125, 304.29290771484375, 203.48361206054688, 76.40762329101562], 'conf': 0.74722934, 'label_id': 'keyboard', 'sub_labels': 'not_human', 'sub_labels_conf': 0.9980055689811707, 'id': 3}, {'box': [1030.922607421875, 244.8193817138672, 64.4344482421875, 46.254547119140625], 'conf': 0.551993, 'label_id': 'cup', 'sub_labels': 'other', 'sub_labels_conf': 0.9992908239364624, 'id': 4}, {'box': [545.5111083984375, 61.08383560180664, 206.2030029296875, 120.6550521850586], 'conf': 0.6399098, 'label_id': 'tv', 'sub_labels': 'other', 'sub_labels_conf': 0.6787808537483215, 'id': 5}, {'box': [430.58465576171875, 313.2482604980469, 335.4079284667969, 168.78358459472656], 'conf': 0.6740493, 'label_id': 'laptop', 'sub_labels': 'not_human', 'sub_labels_conf': 0.9999988079071045, 'id': 6}, {'box': [818.8200073242188, 332.31329345703125, 280.606689453125, 93.98471069335938], 'conf': 0.5662594, 'label_id': 'keyboard', 'sub_labels': 'other', 'sub_labels_conf': 0.7245562672615051, 'id': 7}]"
42,2024/5/22 Wednesday 0:0:56,"[{'box': [472.44036865234375, 194.59927368164062, 46.925537109375, 90.21678161621094], 'conf': 0.9082782, 'label_id': 'cell phone', 'sub_labels': 'other', 'sub_labels_conf': 0.9557451605796814, 'id': 1}, {'box': [539.590576171875, 328.1648864746094, 33.7484130859375, 53.5006103515625], 'conf': 0.7953731, 'label_id': 'mouse', 'sub_labels': 'not_human', 'sub_labels_conf': 0.5782958269119263, 'id': 2}, {'box': [409.517333984375, 304.27142333984375, 203.44863891601562, 76.46539306640625], 'conf': 0.751058, 'label_id': 'keyboard', 'sub_labels': 'not_human', 'sub_labels_conf': 0.9980055689811707, 'id': 3}, {'box': [1030.9178466796875, 244.83697509765625, 64.43621826171875, 46.26109313964844], 'conf': 0.5902344, 'label_id': 'cup', 'sub_labels': 'other', 'sub_labels_conf': 0.9992908239364624, 'id': 4}, {'box': [545.584228515625, 61.01415252685547, 206.30169677734375, 120.58551025390625], 'conf': 0.64428306, 'label_id': 'tv', 'sub_labels': 'other', 'sub_labels_conf': 0.6787808537483215, 'id': 5}, {'box': [430.8727722167969, 313.45880126953125, 335.73223876953125, 168.92251586914062], 'conf': 0.67728764, 'label_id': 'laptop', 'sub_labels': 'not_human', 'sub_labels_conf': 0.9999988079071045, 'id': 6}, {'box': [819.8682861328125, 332.2099609375, 278.39434814453125, 93.65365600585938], 'conf': 0.629579, 'label_id': 'keyboard', 'sub_labels': 'not_human', 'sub_labels_conf': 0.5134586691856384, 'id': 7}]"
43,2024/5/22 Wednesday 0:0:56,"[{'box': [472.4486083984375, 194.60818481445312, 46.964263916015625, 90.22193908691406], 'conf': 0.9075672, 'label_id': 'cell phone', 'sub_labels': 'other', 'sub_labels_conf': 0.9557451605796814, 'id': 1}, {'box': [539.5936279296875, 328.19207763671875, 33.75396728515625, 53.502655029296875], 'conf': 0.8135978, 'label_id': 'mouse', 'sub_labels': 'not_human', 'sub_labels_conf': 0.5782958269119263, 'id': 2}, {'box': [409.576904296875, 304.29620361328125, 203.34561157226562, 76.495361328125], 'conf': 0.7465757, 'label_id': 'keyboard', 'sub_labels': 'not_human', 'sub_labels_conf': 0.9980055689811707, 'id': 3}, {'box': [1030.9200439453125, 244.8213348388672, 64.43658447265625, 46.275360107421875], 'conf': 0.5642635, 'label_id': 'cup', 'sub_labels': 'other', 'sub_labels_conf': 0.9992908239364624, 'id': 4}, {'box': [545.5224609375, 61.007625579833984, 206.16143798828125, 120.53821563720703], 'conf': 0.652764, 'label_id': 'tv', 'sub_labels': 'other', 'sub_labels_conf': 0.6787808537483215, 'id': 5}, {'box': [431.0216064453125, 313.69488525390625, 336.0290832519531, 169.25717163085938], 'conf': 0.6830277, 'label_id': 'laptop', 'sub_labels': 'not_human', 'sub_labels_conf': 0.9999974966049194, 'id': 6}, {'box': [820.2666015625, 332.47686767578125, 278.41015625, 93.97171020507812], 'conf': 0.5082889, 'label_id': 'keyboard', 'sub_labels': 'other', 'sub_labels_conf': 0.6109399795532227, 'id': 7}]"
44,2024/5/22 Wednesday 0:0:56,"[{'box': [472.4396057128906, 194.61790466308594, 46.9945068359375, 90.23422241210938], 'conf': 0.9068386, 'label_id': 'cell phone', 'sub_labels': 'other', 'sub_labels_conf': 0.9557451605796814, 'id': 1}, {'box': [539.5660400390625, 328.28057861328125, 33.534423828125, 53.514556884765625], 'conf': 0.8145469, 'label_id': 'mouse', 'sub_labels': 'not_human', 'sub_labels_conf': 0.5782958269119263, 'id': 2}, {'box': [409.6854553222656, 304.343994140625, 203.0927734375, 76.49533081054688], 'conf': 0.7403637, 'label_id': 'keyboard', 'sub_labels': 'not_human', 'sub_labels_conf': 0.9980055689811707, 'id': 3}, {'box': [1030.917236328125, 244.82540893554688, 64.43914794921875, 46.2786865234375], 'conf': 0.58169216, 'label_id': 'cup', 'sub_labels': 'other', 'sub_labels_conf': 0.9992908239364624, 'id': 4}, {'box': [545.4273681640625, 60.93423080444336, 206.03140258789062, 120.33600616455078], 'conf': 0.62748694, 'label_id': 'tv', 'sub_labels': 'other', 'sub_labels_conf': 0.6874883770942688, 'id': 5}, {'box': [430.89495849609375, 313.4814453125, 336.5777893066406, 169.41061401367188], 'conf': 0.69169825, 'label_id': 'laptop', 'sub_labels': 'not_human', 'sub_labels_conf': 0.9999986886978149, 'id': 6}, {'box': [820.121826171875, 331.98541259765625, 278.99847412109375, 93.52169799804688], 'conf': 0.48696184, 'label_id': 'keyboard', 'sub_labels': 'not_human', 'sub_labels_conf': 0.5818979740142822, 'id': 7}]"
45,2024/5/22 Wednesday 0:0:56,"[{'box': [472.418212890625, 194.63455200195312, 46.972076416015625, 90.21708679199219], 'conf': 0.90579164, 'label_id': 'cell phone', 'sub_labels': 'other', 'sub_labels_conf': 0.9557451605796814, 'id': 1}, {'box': [539.5540771484375, 328.3101806640625, 33.4910888671875, 53.524383544921875], 'conf': 0.82362247, 'label_id': 'mouse', 'sub_labels': 'not_human', 'sub_labels_conf': 0.5782958269119263, 'id': 2}, {'box': [409.6437683105469, 304.35833740234375, 203.07000732421875, 76.49191284179688], 'conf': 0.7430451, 'label_id': 'keyboard', 'sub_labels': 'not_human', 'sub_labels_conf': 0.9980055689811707, 'id': 3}, {'box': [1030.931884765625, 244.8413543701172, 64.4412841796875, 46.277923583984375], 'conf': 0.61041397, 'label_id': 'cup', 'sub_labels': 'other', 'sub_labels_conf': 0.9992908239364624, 'id': 4}, {'box': [545.1376953125, 60.69034194946289, 205.50286865234375, 119.7671127319336], 'conf': 0.6210556, 'label_id': 'tv', 'sub_labels': 'other', 'sub_labels_conf': 0.6334521770477295, 'id': 5}, {'box': [430.8214111328125, 313.446044921875, 336.3132629394531, 169.98216247558594], 'conf': 0.6841939, 'label_id': 'laptop', 'sub_labels': 'not_human', 'sub_labels_conf': 0.9999984502792358, 'id': 6}, {'box': [819.9149780273438, 331.89166259765625, 279.3447265625, 93.79888916015625], 'conf': 0.60175425, 'label_id': 'keyboard', 'sub_labels': 'not_human', 'sub_labels_conf': 0.8254898190498352, 'id': 7}]"
46,2024/5/22 Wednesday 0:0:56,"[{'box': [472.39990234375, 194.6396484375, 46.949554443359375, 90.20195007324219], 'conf': 0.9067598, 'label_id': 'cell phone', 'sub_labels': 'other', 'sub_labels_conf': 0.9557451605796814, 'id': 1}, {'box': [539.5321044921875, 328.3112487792969, 33.460693359375, 53.5067138671875], 'conf': 0.82882214, 'label_id': 'mouse', 'sub_labels': 'not_human', 'sub_labels_conf': 0.5782958269119263, 'id': 2}, {'box': [409.5695495605469, 304.3883361816406, 203.1527099609375, 76.43939208984375], 'conf': 0.7521026, 'label_id': 'keyboard', 'sub_labels': 'not_human', 'sub_labels_conf': 0.9980055689811707, 'id': 3}, {'box': [1030.9351806640625, 244.8622283935547, 64.43792724609375, 46.276824951171875], 'conf': 0.6008713, 'label_id': 'cup', 'sub_labels': 'other', 'sub_labels_conf': 0.9992908239364624, 'id': 4}, {'box': [545.224365234375, 60.8022575378418, 205.73236083984375, 120.04969024658203], 'conf': 0.6231914, 'label_id': 'tv', 'sub_labels': 'other', 'sub_labels_conf': 0.6786680221557617, 'id': 5}, {'box': [430.7270812988281, 313.4363708496094, 335.69500732421875, 170.4165496826172], 'conf': 0.710202, 'label_id': 'laptop', 'sub_labels': 'not_human', 'sub_labels_conf': 0.9999984502792358, 'id': 6}, {'box': [820.0079345703125, 331.63665771484375, 280.48138427734375, 94.17141723632812], 'conf': 0.4855519, 'label_id': 'keyboard', 'sub_labels': 'other', 'sub_labels_conf': 0.8998537659645081, 'id': 7}]"
47,2024/5/22 Wednesday 0:0:56,"[{'box': [472.3929748535156, 194.62164306640625, 46.94232177734375, 90.21316528320312], 'conf': 0.90837485, 'label_id': 'cell phone', 'sub_labels': 'other', 'sub_labels_conf': 0.9557451605796814, 'id': 1}, {'box': [539.5172119140625, 328.3050537109375, 33.43927001953125, 53.477569580078125], 'conf': 0.8268713, 'label_id': 'mouse', 'sub_labels': 'not_human', 'sub_labels_conf': 0.5782958269119263, 'id': 2}, {'box': [409.53955078125, 304.3490905761719, 203.18710327148438, 76.46453857421875], 'conf': 0.7522502, 'label_id': 'keyboard', 'sub_labels': 'not_human', 'sub_labels_conf': 0.9980055689811707, 'id': 3}, {'box': [1030.931396484375, 244.9291229248047, 64.42999267578125, 46.247467041015625], 'conf': 0.6844316, 'label_id': 'cup', 'sub_labels': 'other', 'sub_labels_conf': 0.9992908239364624, 'id': 4}, {'box': [545.3694458007812, 60.98047637939453, 206.0263671875, 120.451416015625], 'conf': 0.63017446, 'label_id': 'tv', 'sub_labels': 'other', 'sub_labels_conf': 0.6874883770942688, 'id': 5}, {'box': [430.6939392089844, 313.47503662109375, 335.47064208984375, 170.19110107421875], 'conf': 0.6942996, 'label_id': 'laptop', 'sub_labels': 'not_human', 'sub_labels_conf': 0.9999984502792358, 'id': 6}, {'box': [819.7470703125, 331.19342041015625, 280.39166259765625, 94.70162963867188], 'conf': 0.44258252, 'label_id': 'keyboard', 'sub_labels': 'other', 'sub_labels_conf': 0.8683719635009766, 'id': 7}]"
48,2024/5/22 Wednesday 0:0:56,"[{'box': [472.40533447265625, 194.62745666503906, 46.967681884765625, 90.1917724609375], 'conf': 0.90944433, 'label_id': 'cell phone', 'sub_labels': 'other', 'sub_labels_conf': 0.9557451605796814, 'id': 1}, {'box': [539.551513671875, 328.22698974609375, 33.634033203125, 53.377685546875], 'conf': 0.8340112, 'label_id': 'mouse', 'sub_labels': 'not_human', 'sub_labels_conf': 0.5782958269119263, 'id': 2}, {'box': [409.57061767578125, 304.3328857421875, 203.12649536132812, 76.49240112304688], 'conf': 0.7474012, 'label_id': 'keyboard', 'sub_labels': 'not_human', 'sub_labels_conf': 0.9980055689811707, 'id': 3}, {'box': [1030.928955078125, 244.88458251953125, 64.4202880859375, 46.31376647949219], 'conf': 0.6371049, 'label_id': 'cup', 'sub_labels': 'other', 'sub_labels_conf': 0.9992908239364624, 'id': 4}, {'box': [545.1029663085938, 60.75607681274414, 205.488525390625, 119.8909683227539], 'conf': 0.64329433, 'label_id': 'tv', 'sub_labels': 'other', 'sub_labels_conf': 0.6334521770477295, 'id': 5}, {'box': [430.7811279296875, 313.622314453125, 335.5633544921875, 170.2293701171875], 'conf': 0.6554755, 'label_id': 'laptop', 'sub_labels': 'not_human', 'sub_labels_conf': 0.9999988079071045, 'id': 6}, {'box': [819.19189453125, 331.1461181640625, 281.12213134765625, 95.23825073242188], 'conf': 0.52796614, 'label_id': 'keyboard', 'sub_labels': 'other', 'sub_labels_conf': 0.7763694524765015, 'id': 7}]"
49,2024/5/22 Wednesday 0:0:56,"[{'box': [472.3997802734375, 194.65097045898438, 46.959197998046875, 90.11964416503906], 'conf': 0.90632236, 'label_id': 'cell phone', 'sub_labels': 'other', 'sub_labels_conf': 0.9557451605796814, 'id': 1}, {'box': [539.5155029296875, 328.2599792480469, 33.43011474609375, 53.39813232421875], 'conf': 0.8393666, 'label_id': 'mouse', 'sub_labels': 'not_human', 'sub_labels_conf': 0.5782958269119263, 'id': 2}, {'box': [409.544677734375, 304.29443359375, 203.05862426757812, 76.35061645507812], 'conf': 0.75313175, 'label_id': 'keyboard', 'sub_labels': 'not_human', 'sub_labels_conf': 0.9980055689811707, 'id': 3}, {'box': [1030.913818359375, 244.92730712890625, 64.42431640625, 46.28819274902344], 'conf': 0.6894937, 'label_id': 'cup', 'sub_labels': 'other', 'sub_labels_conf': 0.9992908239364624, 'id': 4}, {'box': [545.10546875, 61.01957321166992, 205.502685546875, 120.4291000366211], 'conf': 0.6592212, 'label_id': 'tv', 'sub_labels': 'other', 'sub_labels_conf': 0.6931918263435364, 'id': 5}, {'box': [430.71966552734375, 313.60906982421875, 335.3600769042969, 170.26416015625], 'conf': 0.681609, 'label_id': 'laptop', 'sub_labels': 'not_human', 'sub_labels_conf': 0.9999988079071045, 'id': 6}, {'box': [818.6837158203125, 331.1842041015625, 281.336181640625, 95.00717163085938], 'conf': 0.50441945, 'label_id': 'keyboard', 'sub_labels': 'other', 'sub_labels_conf': 0.5460475087165833, 'id': 7}]"
50,2024/5/22 Wednesday 0:0:57,"[{'box': [472.4022521972656, 194.6575927734375, 46.931884765625, 90.09396362304688], 'conf': 0.9063176, 'label_id': 'cell phone', 'sub_labels': 'other', 'sub_labels_conf': 0.9557451605796814, 'id': 1}, {'box': [539.5449829101562, 328.18603515625, 33.610595703125, 53.319732666015625], 'conf': 0.84646785, 'label_id': 'mouse', 'sub_labels': 'not_human', 'sub_labels_conf': 0.5782958269119263, 'id': 2}, {'box': [409.56158447265625, 304.26812744140625, 203.08514404296875, 76.3309326171875], 'conf': 0.747045, 'label_id': 'keyboard', 'sub_labels': 'not_human', 'sub_labels_conf': 0.9980055689811707, 'id': 3}, {'box': [1030.91845703125, 244.89865112304688, 64.41510009765625, 46.30473327636719], 'conf': 0.63609904, 'label_id': 'cup', 'sub_labels': 'other', 'sub_labels_conf': 0.9992908239364624, 'id': 4}, {'box': [545.0758666992188, 61.151554107666016, 205.48483276367188, 120.67365264892578], 'conf': 0.6429212, 'label_id': 'tv', 'sub_labels': 'other', 'sub_labels_conf': 0.6931918263435364, 'id': 5}, {'box': [430.75054931640625, 313.5166931152344, 334.9798583984375, 169.87120056152344], 'conf': 0.7207765, 'label_id': 'laptop', 'sub_labels': 'not_human', 'sub_labels_conf': 0.999998927116394, 'id': 6}, {'box': [817.837646484375, 331.2942810058594, 283.4908447265625, 95.56890869140625], 'conf': 0.45117927, 'label_id': 'keyboard', 'sub_labels': 'other', 'sub_labels_conf': 0.6561030149459839, 'id': 7}]"
51,2024/5/22 Wednesday 0:0:57,"[{'box': [472.414306640625, 194.6339569091797, 46.94921875, 90.1729736328125], 'conf': 0.9068923, 'label_id': 'cell phone', 'sub_labels': 'other', 'sub_labels_conf': 0.9557451605796814, 'id': 1}, {'box': [539.5291748046875, 328.2530517578125, 33.47528076171875, 53.4183349609375], 'conf': 0.83275837, 'label_id': 'mouse', 'sub_labels': 'not_human', 'sub_labels_conf': 0.5782958269119263, 'id': 2}, {'box': [409.6369323730469, 304.28240966796875, 203.034912109375, 76.34640502929688], 'conf': 0.73162705, 'label_id': 'keyboard', 'sub_labels': 'not_human', 'sub_labels_conf': 0.9980055689811707, 'id': 3}, {'box': [1030.92236328125, 244.86419677734375, 64.41424560546875, 46.31770324707031], 'conf': 0.6152465, 'label_id': 'cup', 'sub_labels': 'other', 'sub_labels_conf': 0.9992908239364624, 'id': 4}, {'box': [545.2791137695312, 61.058128356933594, 205.9564208984375, 120.55517578125], 'conf': 0.6204868, 'label_id': 'tv', 'sub_labels': 'other', 'sub_labels_conf': 0.6931918263435364, 'id': 5}, {'box': [430.7887878417969, 313.3634033203125, 335.29766845703125, 169.5353546142578], 'conf': 0.72287416, 'label_id': 'laptop', 'sub_labels': 'not_human', 'sub_labels_conf': 0.999998927116394, 'id': 6}, {'box': [819.1045532226562, 331.4698486328125, 286.631591796875, 96.20504760742188], 'conf': 0.2105007, 'label_id': 'keyboard', 'sub_labels': 'other', 'sub_labels_conf': 0.7480376362800598, 'id': 7}]"
52,2024/5/22 Wednesday 0:0:57,"[{'box': [472.40789794921875, 194.63279724121094, 46.944061279296875, 90.174560546875], 'conf': 0.90785646, 'label_id': 'cell phone', 'sub_labels': 'other', 'sub_labels_conf': 0.9557451605796814, 'id': 1}, {'box': [539.5526123046875, 328.18145751953125, 33.64898681640625, 53.347442626953125], 'conf': 0.83448476, 'label_id': 'mouse', 'sub_labels': 'not_human', 'sub_labels_conf': 0.5782958269119263, 'id': 2}, {'box': [409.6978454589844, 304.2686462402344, 203.03411865234375, 76.45147705078125], 'conf': 0.7281656, 'label_id': 'keyboard', 'sub_labels': 'not_human', 'sub_labels_conf': 0.9980055689811707, 'id': 3}, {'box': [1030.916748046875, 244.89443969726562, 64.409912109375, 46.29864501953125], 'conf': 0.6634408, 'label_id': 'cup', 'sub_labels': 'other', 'sub_labels_conf': 0.9992908239364624, 'id': 4}, {'box': [545.2612915039062, 61.05070114135742, 205.93942260742188, 120.53827667236328], 'conf': 0.6328019, 'label_id': 'tv', 'sub_labels': 'other', 'sub_labels_conf': 0.6931918263435364, 'id': 5}, {'box': [430.8343505859375, 313.2075500488281, 335.5348205566406, 169.40826416015625], 'conf': 0.70894456, 'label_id': 'laptop', 'sub_labels': 'not_human', 'sub_labels_conf': 0.999998927116394, 'id': 6}, {'box': [818.3353881835938, 330.19061279296875, 284.9508056640625, 93.48489379882812], 'conf': 0.21692075, 'label_id': 'keyboard', 'sub_labels': 'other', 'sub_labels_conf': 0.7629744410514832, 'id': 7}]"
53,2024/5/22 Wednesday 0:0:57,"[{'box': [472.43145751953125, 194.62576293945312, 47.02874755859375, 90.24778747558594], 'conf': 0.9088604, 'label_id': 'cell phone', 'sub_labels': 'other', 'sub_labels_conf': 0.9557451605796814, 'id': 1}, {'box': [539.5897216796875, 328.1632385253906, 33.69317626953125, 53.32373046875], 'conf': 0.81379354, 'label_id': 'mouse', 'sub_labels': 'not_human', 'sub_labels_conf': 0.5782958269119263, 'id': 2}, {'box': [409.67633056640625, 304.25689697265625, 203.03073120117188, 76.30160522460938], 'conf': 0.7178852, 'label_id': 'keyboard', 'sub_labels': 'not_human', 'sub_labels_conf': 0.9980055689811707, 'id': 3}, {'box': [1030.90673828125, 244.885498046875, 64.416015625, 46.30039978027344], 'conf': 0.64681864, 'label_id': 'cup', 'sub_labels': 'other', 'sub_labels_conf': 0.9992908239364624, 'id': 4}, {'box': [545.2528686523438, 61.00813674926758, 205.89639282226562, 120.46251678466797], 'conf': 0.6416465, 'label_id': 'tv', 'sub_labels': 'other', 'sub_labels_conf': 0.6931918263435364, 'id': 5}, {'box': [430.90386962890625, 313.29180908203125, 335.2823791503906, 169.7646484375], 'conf': 0.6710641, 'label_id': 'laptop', 'sub_labels': 'not_human', 'sub_labels_conf': 0.999998927116394, 'id': 6}, {'box': [796.5726318359375, 324.722900390625, 235.53302001953125, 82.45001220703125], 'conf': 0.58556604, 'label_id': 'keyboard', 'sub_labels': 'not_human', 'sub_labels_conf': 0.9615466594696045, 'id': 7}]"
54,2024/5/22 Wednesday 0:0:57,"[{'box': [472.449951171875, 194.62432861328125, 47.05267333984375, 90.28857421875], 'conf': 0.9080811, 'label_id': 'cell phone', 'sub_labels': 'other', 'sub_labels_conf': 0.9557451605796814, 'id': 1}, {'box': [539.61181640625, 328.200439453125, 33.69488525390625, 53.345306396484375], 'conf': 0.81875, 'label_id': 'mouse', 'sub_labels': 'not_human', 'sub_labels_conf': 0.5782958269119263, 'id': 2}, {'box': [409.5794677734375, 304.32122802734375, 203.26736450195312, 76.17779541015625], 'conf': 0.73450834, 'label_id': 'keyboard', 'sub_labels': 'not_human', 'sub_labels_conf': 0.9980055689811707, 'id': 3}, {'box': [1030.919189453125, 244.94940185546875, 64.42803955078125, 46.23509216308594], 'conf': 0.70774573, 'label_id': 'cup', 'sub_labels': 'other', 'sub_labels_conf': 0.9992908239364624, 'id': 4}, {'box': [545.317626953125, 60.91038131713867, 206.07666015625, 120.30089569091797], 'conf': 0.6123599, 'label_id': 'tv', 'sub_labels': 'other', 'sub_labels_conf': 0.6874883770942688, 'id': 5}, {'box': [430.97222900390625, 313.2612609863281, 334.9366455078125, 169.98541259765625], 'conf': 0.6213597, 'label_id': 'laptop', 'sub_labels': 'not_human', 'sub_labels_conf': 0.999998927116394, 'id': 6}, {'box': [789.134521484375, 323.3340148925781, 216.8875732421875, 79.641357421875], 'conf': 0.32915372, 'label_id': 'keyboard', 'sub_labels': 'not_human', 'sub_labels_conf': 0.9883518815040588, 'id': 7}]"
55,2024/5/22 Wednesday 0:0:57,"[{'box': [472.45538330078125, 194.59109497070312, 47.06109619140625, 90.35166931152344], 'conf': 0.9091732, 'label_id': 'cell phone', 'sub_labels': 'other', 'sub_labels_conf': 0.9557451605796814, 'id': 1}, {'box': [539.6226196289062, 328.2414855957031, 33.7100830078125, 53.40692138671875], 'conf': 0.79764867, 'label_id': 'mouse', 'sub_labels': 'not_human', 'sub_labels_conf': 0.5782958269119263, 'id': 2}, {'box': [409.62982177734375, 304.3176574707031, 203.34664916992188, 76.35003662109375], 'conf': 0.72236675, 'label_id': 'keyboard', 'sub_labels': 'not_human', 'sub_labels_conf': 0.9980055689811707, 'id': 3}, {'box': [1030.9248046875, 244.98004150390625, 64.42974853515625, 46.19036865234375], 'conf': 0.71522236, 'label_id': 'cup', 'sub_labels': 'other', 'sub_labels_conf': 0.9992908239364624, 'id': 4}, {'box': [545.4533081054688, 61.05391311645508, 206.4453125, 120.66890716552734], 'conf': 0.5804282, 'label_id': 'tv', 'sub_labels': 'other', 'sub_labels_conf': 0.6787808537483215, 'id': 5}, {'box': [431.0308837890625, 313.3704833984375, 334.7735900878906, 169.83932495117188], 'conf': 0.64938956, 'label_id': 'laptop', 'sub_labels': 'not_human', 'sub_labels_conf': 0.9999982118606567, 'id': 6}, {'box': [783.3922729492188, 321.84796142578125, 209.9671630859375, 76.30087280273438], 'conf': 0.38058355, 'label_id': 'keyboard', 'sub_labels': 'not_human', 'sub_labels_conf': 0.9873363375663757, 'id': 7}]"
56,2024/5/22 Wednesday 0:0:57,"[{'box': [472.45330810546875, 194.59548950195312, 47.0106201171875, 90.30714416503906], 'conf': 0.907056, 'label_id': 'cell phone', 'sub_labels': 'other', 'sub_labels_conf': 0.9557451605796814, 'id': 1}, {'box': [539.630615234375, 328.22088623046875, 33.72003173828125, 53.42578125], 'conf': 0.802292, 'label_id': 'mouse', 'sub_labels': 'not_human', 'sub_labels_conf': 0.5782958269119263, 'id': 2}, {'box': [409.60394287109375, 304.308349609375, 203.42599487304688, 76.2723388671875], 'conf': 0.72463614, 'label_id': 'keyboard', 'sub_labels': 'not_human', 'sub_labels_conf': 0.9980055689811707, 'id': 3}, {'box': [1030.924560546875, 244.95423889160156, 64.4273681640625, 46.203582763671875], 'conf': 0.68890446, 'label_id': 'cup', 'sub_labels': 'other', 'sub_labels_conf': 0.9992908239364624, 'id': 4}, {'box': [545.4525756835938, 60.906734466552734, 206.48593139648438, 120.37444305419922], 'conf': 0.58470327, 'label_id': 'tv', 'sub_labels': 'other', 'sub_labels_conf': 0.6874883770942688, 'id': 5}, {'box': [430.863037109375, 313.2376708984375, 334.6279602050781, 170.57730102539062], 'conf': 0.61612767, 'label_id': 'laptop', 'sub_labels': 'not_human', 'sub_labels_conf': 0.999998927116394, 'id': 6}, {'box': [806.6558837890625, 328.07867431640625, 256.28399658203125, 89.81060791015625], 'conf': 0.5647587, 'label_id': 'keyboard', 'sub_labels': 'not_human', 'sub_labels_conf': 0.817041277885437, 'id': 7}]"
57,2024/5/22 Wednesday 0:0:57,"[{'box': [472.44378662109375, 194.6117401123047, 46.96435546875, 90.25387573242188], 'conf': 0.9064726, 'label_id': 'cell phone', 'sub_labels': 'other', 'sub_labels_conf': 0.9557451605796814, 'id': 1}, {'box': [539.64794921875, 328.2380676269531, 33.73651123046875, 53.45684814453125], 'conf': 0.8184966, 'label_id': 'mouse', 'sub_labels': 'not_human', 'sub_labels_conf': 0.5782958269119263, 'id': 2}, {'box': [409.6483459472656, 304.3356628417969, 203.540283203125, 76.12249755859375], 'conf': 0.7295956, 'label_id': 'keyboard', 'sub_labels': 'not_human', 'sub_labels_conf': 0.9980055689811707, 'id': 3}, {'box': [1030.926513671875, 244.93914794921875, 64.428955078125, 46.22221374511719], 'conf': 0.68078166, 'label_id': 'cup', 'sub_labels': 'other', 'sub_labels_conf': 0.9992908239364624, 'id': 4}, {'box': [545.4507446289062, 60.801856994628906, 206.48672485351562, 120.15522766113281], 'conf': 0.5953272, 'label_id': 'tv', 'sub_labels': 'other', 'sub_labels_conf': 0.6874883770942688, 'id': 5}, {'box': [430.52496337890625, 312.8582458496094, 334.5735168457031, 170.6735076904297], 'conf': 0.47860909, 'label_id': 'laptop', 'sub_labels': 'not_human', 'sub_labels_conf': 0.9999986886978149, 'id': 6}, {'box': [812.2426147460938, 329.99945068359375, 275.2169189453125, 94.27130126953125], 'conf': 0.4178053, 'label_id': 'keyboard', 'sub_labels': 'not_human', 'sub_labels_conf': 0.6327131986618042, 'id': 7}]"
58,2024/5/22 Wednesday 0:0:57,"[{'box': [472.4446716308594, 194.62850952148438, 46.98541259765625, 90.27934265136719], 'conf': 0.90748215, 'label_id': 'cell phone', 'sub_labels': 'other', 'sub_labels_conf': 0.9557451605796814, 'id': 1}, {'box': [539.6077880859375, 328.2848815917969, 33.50701904296875, 53.52728271484375], 'conf': 0.8166765, 'label_id': 'mouse', 'sub_labels': 'not_human', 'sub_labels_conf': 0.5782958269119263, 'id': 2}, {'box': [409.67047119140625, 304.2976989746094, 203.32855224609375, 76.16851806640625], 'conf': 0.71073985, 'label_id': 'keyboard', 'sub_labels': 'not_human', 'sub_labels_conf': 0.9980055689811707, 'id': 3}, {'box': [1030.9293212890625, 244.95864868164062, 64.42547607421875, 46.21324157714844], 'conf': 0.713957, 'label_id': 'cup', 'sub_labels': 'other', 'sub_labels_conf': 0.9992908239364624, 'id': 4}, {'box': [545.3671264648438, 60.96965408325195, 206.29598999023438, 120.47095489501953], 'conf': 0.5986344, 'label_id': 'tv', 'sub_labels': 'other', 'sub_labels_conf': 0.6874883770942688, 'id': 5}, {'box': [430.55340576171875, 313.040283203125, 334.7657470703125, 169.96917724609375], 'conf': 0.6375721, 'label_id': 'laptop', 'sub_labels': 'not_human', 'sub_labels_conf': 0.999998927116394, 'id': 6}, {'box': [801.7515869140625, 330.61297607421875, 308.7530517578125, 96.33456420898438], 'conf': 0.3584684, 'label_id': 'keyboard', 'sub_labels': 'not_human', 'sub_labels_conf': 0.872448742389679, 'id': 7}]"
59,2024/5/22 Wednesday 0:0:57,"[{'box': [472.4386901855469, 194.61862182617188, 46.9814453125, 90.29646301269531], 'conf': 0.90652746, 'label_id': 'cell phone', 'sub_labels': 'other', 'sub_labels_conf': 0.9557451605796814, 'id': 1}, {'box': [539.5936279296875, 328.298095703125, 33.4034423828125, 53.55487060546875], 'conf': 0.8078988, 'label_id': 'mouse', 'sub_labels': 'not_human', 'sub_labels_conf': 0.5782958269119263, 'id': 2}, {'box': [409.64501953125, 304.31304931640625, 203.20703125, 76.157470703125], 'conf': 0.70757246, 'label_id': 'keyboard', 'sub_labels': 'not_human', 'sub_labels_conf': 0.9980055689811707, 'id': 3}, {'box': [1030.9171142578125, 244.96163940429688, 64.42950439453125, 46.19102478027344], 'conf': 0.6972016, 'label_id': 'cup', 'sub_labels': 'other', 'sub_labels_conf': 0.9992908239364624, 'id': 4}, {'box': [545.3425903320312, 60.89220428466797, 206.2188720703125, 120.33079528808594], 'conf': 0.5934274, 'label_id': 'tv', 'sub_labels': 'other', 'sub_labels_conf': 0.6874883770942688, 'id': 5}, {'box': [430.6082458496094, 313.2087707519531, 334.65899658203125, 169.67742919921875], 'conf': 0.6777895, 'label_id': 'laptop', 'sub_labels': 'not_human', 'sub_labels_conf': 0.999998927116394, 'id': 6}, {'box': [811.974853515625, 331.15667724609375, 294.24365234375, 97.06976318359375], 'conf': 0.33496588, 'label_id': 'keyboard', 'sub_labels': 'not_human', 'sub_labels_conf': 0.8783713579177856, 'id': 7}]"
60,2024/5/22 Wednesday 0:0:57,"[{'box': [472.45025634765625, 194.62161254882812, 47.01275634765625, 90.30839538574219], 'conf': 0.90774167, 'label_id': 'cell phone', 'sub_labels': 'other', 'sub_labels_conf': 0.9557451605796814, 'id': 1}, {'box': [539.5908203125, 328.3145751953125, 33.36480712890625, 53.559478759765625], 'conf': 0.8030793, 'label_id': 'mouse', 'sub_labels': 'not_human', 'sub_labels_conf': 0.5782958269119263, 'id': 2}, {'box': [409.67547607421875, 304.3106384277344, 203.0880126953125, 76.169189453125], 'conf': 0.70859945, 'label_id': 'keyboard', 'sub_labels': 'not_human', 'sub_labels_conf': 0.9980055689811707, 'id': 3}, {'box': [1030.90283203125, 244.98825073242188, 64.43505859375, 46.1634521484375], 'conf': 0.71315026, 'label_id': 'cup', 'sub_labels': 'other', 'sub_labels_conf': 0.9992908239364624, 'id': 4}, {'box': [545.28515625, 60.80759811401367, 206.02151489257812, 120.10265350341797], 'conf': 0.61739737, 'label_id': 'tv', 'sub_labels': 'other', 'sub_labels_conf': 0.6874883770942688, 'id': 5}, {'box': [430.60369873046875, 313.3411865234375, 334.5975646972656, 169.52554321289062], 'conf': 0.69398195, 'label_id': 'laptop', 'sub_labels': 'not_human', 'sub_labels_conf': 0.999998927116394, 'id': 6}, {'box': [818.280029296875, 331.1407165527344, 283.1292724609375, 96.642822265625], 'conf': 0.50184774, 'label_id': 'keyboard', 'sub_labels': 'not_human', 'sub_labels_conf': 0.5766479969024658, 'id': 7}]"
61,2024/5/22 Wednesday 0:0:57,"[{'box': [472.4623718261719, 194.60556030273438, 47.05084228515625, 90.32650756835938], 'conf': 0.9089395, 'label_id': 'cell phone', 'sub_labels': 'other', 'sub_labels_conf': 0.9557451605796814, 'id': 1}, {'box': [539.58251953125, 328.31756591796875, 33.34735107421875, 53.56011962890625], 'conf': 0.7966348, 'label_id': 'mouse', 'sub_labels': 'not_human', 'sub_labels_conf': 0.5782958269119263, 'id': 2}, {'box': [409.6582946777344, 304.31591796875, 203.18743896484375, 76.15682983398438], 'conf': 0.72143346, 'label_id': 'keyboard', 'sub_labels': 'not_human', 'sub_labels_conf': 0.9980055689811707, 'id': 3}, {'box': [1030.9072265625, 245.00555419921875, 64.4266357421875, 46.15812683105469], 'conf': 0.7180535, 'label_id': 'cup', 'sub_labels': 'other', 'sub_labels_conf': 0.9996546506881714, 'id': 4}, {'box': [545.4137573242188, 61.1060905456543, 206.22409057617188, 120.73192596435547], 'conf': 0.62726676, 'label_id': 'tv', 'sub_labels': 'other', 'sub_labels_conf': 0.6787808537483215, 'id': 5}, {'box': [430.53466796875, 313.5262145996094, 334.319580078125, 169.76185607910156], 'conf': 0.69208646, 'label_id': 'laptop', 'sub_labels': 'not_human', 'sub_labels_conf': 0.999998927116394, 'id': 6}, {'box': [823.59765625, 331.25311279296875, 271.78350830078125, 96.23587036132812], 'conf': 0.57709706, 'label_id': 'keyboard', 'sub_labels': 'not_human', 'sub_labels_conf': 0.5322979092597961, 'id': 7}]"
62,2024/5/22 Wednesday 0:0:57,"[{'box': [472.4653625488281, 194.6017303466797, 47.043701171875, 90.3336181640625], 'conf': 0.909667, 'label_id': 'cell phone', 'sub_labels': 'other', 'sub_labels_conf': 0.9557451605796814, 'id': 1}, {'box': [539.6063232421875, 328.2883605957031, 33.54388427734375, 53.548583984375], 'conf': 0.79989916, 'label_id': 'mouse', 'sub_labels': 'not_human', 'sub_labels_conf': 0.5782958269119263, 'id': 2}, {'box': [409.6458740234375, 304.34417724609375, 203.19381713867188, 76.13998413085938], 'conf': 0.7250969, 'label_id': 'keyboard', 'sub_labels': 'not_human', 'sub_labels_conf': 0.9980055689811707, 'id': 3}, {'box': [1030.915283203125, 245.0133056640625, 64.41900634765625, 46.14581298828125], 'conf': 0.7061848, 'label_id': 'cup', 'sub_labels': 'other', 'sub_labels_conf': 0.9996546506881714, 'id': 4}, {'box': [545.5250854492188, 61.3070182800293, 206.48965454101562, 121.20499420166016], 'conf': 0.6229357, 'label_id': 'tv', 'sub_labels': 'other', 'sub_labels_conf': 0.6787808537483215, 'id': 5}, {'box': [430.4962463378906, 313.43316650390625, 334.14605712890625, 170.1846160888672], 'conf': 0.6617115, 'label_id': 'laptop', 'sub_labels': 'not_human', 'sub_labels_conf': 0.999998927116394, 'id': 6}, {'box': [828.7400512695312, 329.73394775390625, 261.232421875, 92.56890869140625], 'conf': 0.49425316, 'label_id': 'keyboard', 'sub_labels': 'other', 'sub_labels_conf': 0.9862100481987, 'id': 7}]"
63,2024/5/22 Wednesday 0:0:57,"[{'box': [472.46112060546875, 194.60784912109375, 47.028900146484375, 90.31657409667969], 'conf': 0.90946287, 'label_id': 'cell phone', 'sub_labels': 'other', 'sub_labels_conf': 0.9557451605796814, 'id': 1}, {'box': [539.62109375, 328.267822265625, 33.621826171875, 53.5052490234375], 'conf': 0.8185794, 'label_id': 'mouse', 'sub_labels': 'not_human', 'sub_labels_conf': 0.5782958269119263, 'id': 2}, {'box': [409.54290771484375, 304.35113525390625, 203.33319091796875, 76.09762573242188], 'conf': 0.7396626, 'label_id': 'keyboard', 'sub_labels': 'not_human', 'sub_labels_conf': 0.9980055689811707, 'id': 3}, {'box': [1030.91650390625, 245.00933837890625, 64.4169921875, 46.15174865722656], 'conf': 0.70730096, 'label_id': 'cup', 'sub_labels': 'other', 'sub_labels_conf': 0.9996546506881714, 'id': 4}, {'box': [545.5374755859375, 61.2934684753418, 206.4656982421875, 121.15364837646484], 'conf': 0.6185411, 'label_id': 'tv', 'sub_labels': 'other', 'sub_labels_conf': 0.6787808537483215, 'id': 5}, {'box': [430.595703125, 313.48553466796875, 334.0922546386719, 170.54811096191406], 'conf': 0.65918803, 'label_id': 'laptop', 'sub_labels': 'not_human', 'sub_labels_conf': 0.999998927116394, 'id': 6}, {'box': [830.952392578125, 331.05426025390625, 256.79180908203125, 94.234619140625], 'conf': 0.40237582, 'label_id': 'keyboard', 'sub_labels': 'other', 'sub_labels_conf': 0.7912467122077942, 'id': 7}]"
64,2024/5/22 Wednesday 0:0:57,"[{'box': [472.47064208984375, 194.5962371826172, 47.05364990234375, 90.32928466796875], 'conf': 0.91016257, 'label_id': 'cell phone', 'sub_labels': 'other', 'sub_labels_conf': 0.9557451605796814, 'id': 1}, {'box': [539.62939453125, 328.2361145019531, 33.655029296875, 53.44927978515625], 'conf': 0.8101762, 'label_id': 'mouse', 'sub_labels': 'not_human', 'sub_labels_conf': 0.5782958269119263, 'id': 2}, {'box': [409.56329345703125, 304.3716735839844, 203.39437866210938, 76.1282958984375], 'conf': 0.7376056, 'label_id': 'keyboard', 'sub_labels': 'not_human', 'sub_labels_conf': 0.9980055689811707, 'id': 3}, {'box': [1030.911376953125, 245.00152587890625, 64.4105224609375, 46.18721008300781], 'conf': 0.709087, 'label_id': 'cup', 'sub_labels': 'other', 'sub_labels_conf': 0.9996546506881714, 'id': 4}, {'box': [545.4813232421875, 61.19962692260742, 206.3082275390625, 120.90233612060547], 'conf': 0.6310547, 'label_id': 'tv', 'sub_labels': 'other', 'sub_labels_conf': 0.6787808537483215, 'id': 5}, {'box': [430.5755615234375, 313.01129150390625, 334.5469055175781, 170.16481018066406], 'conf': 0.55879384, 'label_id': 'laptop', 'sub_labels': 'not_human', 'sub_labels_conf': 0.999998927116394, 'id': 6}, {'box': [830.3826293945312, 331.6032409667969, 257.43359375, 94.7403564453125], 'conf': 0.20898819, 'label_id': 'keyboard', 'sub_labels': 'other', 'sub_labels_conf': 0.7297433614730835, 'id': 7}, {'box': [748.8836669921875, 468.6799011230469, 276.45733642578125, 388.85565185546875], 'conf': 0.64531344, 'label_id': 'person', 'sub_labels': 'other', 'sub_labels_conf': 0.8603358864784241, 'id': 8}]"
65,2024/5/22 Wednesday 0:0:57,"[{'box': [472.4604187011719, 194.60861206054688, 47.0267333984375, 90.31755065917969], 'conf': 0.90795237, 'label_id': 'cell phone', 'sub_labels': 'other', 'sub_labels_conf': 0.9557451605796814, 'id': 1}, {'box': [539.6427612304688, 328.23321533203125, 33.631103515625, 53.423980712890625], 'conf': 0.8090842, 'label_id': 'mouse', 'sub_labels': 'not_human', 'sub_labels_conf': 0.5782958269119263, 'id': 2}, {'box': [409.56610107421875, 304.3656921386719, 203.37985229492188, 76.1385498046875], 'conf': 0.7332939, 'label_id': 'keyboard', 'sub_labels': 'not_human', 'sub_labels_conf': 0.9980055689811707, 'id': 3}, {'box': [1030.9068603515625, 244.95648193359375, 64.40972900390625, 46.21563720703125], 'conf': 0.6679236, 'label_id': 'cup', 'sub_labels': 'other', 'sub_labels_conf': 0.9992908239364624, 'id': 4}, {'box': [545.4530639648438, 61.07820129394531, 206.07937622070312, 120.59085083007812], 'conf': 0.63549685, 'label_id': 'tv', 'sub_labels': 'other', 'sub_labels_conf': 0.6787808537483215, 'id': 5}, {'box': [430.4505615234375, 312.87542724609375, 334.4197998046875, 169.5565948486328], 'conf': 0.59018385, 'label_id': 'laptop', 'sub_labels': 'not_human', 'sub_labels_conf': 0.9999985694885254, 'id': 6}, {'box': [829.731201171875, 331.3827209472656, 258.4000244140625, 96.0377197265625], 'conf': 0.42844707, 'label_id': 'keyboard', 'sub_labels': 'other', 'sub_labels_conf': 0.7704927325248718, 'id': 7}, {'box': [748.39111328125, 463.8970031738281, 274.89910888671875, 387.94732666015625], 'conf': 0.6284869, 'label_id': 'person', 'sub_labels': 'other', 'sub_labels_conf': 0.7079337239265442, 'id': 8}]"
66,2024/5/22 Wednesday 0:0:57,"[{'box': [472.46282958984375, 194.64743041992188, 47.013641357421875, 90.29447937011719], 'conf': 0.90682113, 'label_id': 'cell phone', 'sub_labels': 'other', 'sub_labels_conf': 0.9557451605796814, 'id': 1}, {'box': [539.65966796875, 328.2447509765625, 33.635498046875, 53.388214111328125], 'conf': 0.81516105, 'label_id': 'mouse', 'sub_labels': 'not_human', 'sub_labels_conf': 0.5782958269119263, 'id': 2}, {'box': [409.54644775390625, 304.3489990234375, 203.3917236328125, 76.04598999023438], 'conf': 0.72815067, 'label_id': 'keyboard', 'sub_labels': 'not_human', 'sub_labels_conf': 0.9980055689811707, 'id': 3}, {'box': [1030.913330078125, 244.9228515625, 64.4129638671875, 46.26405334472656], 'conf': 0.6591078, 'label_id': 'cup', 'sub_labels': 'other', 'sub_labels_conf': 0.9992908239364624, 'id': 4}, {'box': [545.325927734375, 61.144893646240234, 205.65240478515625, 120.61719512939453], 'conf': 0.6655055, 'label_id': 'tv', 'sub_labels': 'other', 'sub_labels_conf': 0.6931918263435364, 'id': 5}, {'box': [430.4836120605469, 312.91802978515625, 334.30218505859375, 169.19728088378906], 'conf': 0.55861527, 'label_id': 'laptop', 'sub_labels': 'not_human', 'sub_labels_conf': 0.9999984502792358, 'id': 6}, {'box': [827.5755615234375, 331.7044372558594, 262.8616943359375, 97.405517578125], 'conf': 0.21374317, 'label_id': 'keyboard', 'sub_labels': 'other', 'sub_labels_conf': 0.5523733496665955, 'id': 7}, {'box': [748.0538330078125, 455.07733154296875, 273.46258544921875, 383.6029052734375], 'conf': 0.6926265, 'label_id': 'person', 'sub_labels': 'other', 'sub_labels_conf': 0.7477841377258301, 'id': 8}]"
67,2024/5/22 Wednesday 0:0:57,"[{'box': [472.4664001464844, 194.68080139160156, 46.9976806640625, 90.2314453125], 'conf': 0.90598506, 'label_id': 'cell phone', 'sub_labels': 'other', 'sub_labels_conf': 0.9557451605796814, 'id': 1}, {'box': [539.6824951171875, 328.24273681640625, 33.6357421875, 53.38238525390625], 'conf': 0.8027141, 'label_id': 'mouse', 'sub_labels': 'not_human', 'sub_labels_conf': 0.5782958269119263, 'id': 2}, {'box': [409.4783630371094, 304.4114685058594, 203.525634765625, 75.92364501953125], 'conf': 0.7477827, 'label_id': 'keyboard', 'sub_labels': 'not_human', 'sub_labels_conf': 0.9984982013702393, 'id': 3}, {'box': [1030.91943359375, 244.94647216796875, 64.43060302734375, 46.22808837890625], 'conf': 0.6998979, 'label_id': 'cup', 'sub_labels': 'other', 'sub_labels_conf': 0.9992908239364624, 'id': 4}, {'box': [545.1678466796875, 61.04262161254883, 205.31817626953125, 120.36624908447266], 'conf': 0.6534854, 'label_id': 'tv', 'sub_labels': 'other', 'sub_labels_conf': 0.6931918263435364, 'id': 5}, {'box': [430.4293212890625, 312.94720458984375, 334.1056213378906, 169.90548706054688], 'conf': 0.4744099, 'label_id': 'laptop', 'sub_labels': 'not_human', 'sub_labels_conf': 0.9999984502792358, 'id': 6}, {'box': [827.0347290039062, 331.27374267578125, 264.69140625, 98.06448364257812], 'conf': 0.37769017, 'label_id': 'keyboard', 'sub_labels': 'other', 'sub_labels_conf': 0.7245614528656006, 'id': 7}, {'box': [750.0042724609375, 451.2952575683594, 276.24810791015625, 386.79583740234375], 'conf': 0.6709726, 'label_id': 'person', 'sub_labels': 'other', 'sub_labels_conf': 0.7580034136772156, 'id': 8}]"
68,2024/5/22 Wednesday 0:0:57,"[{'box': [472.45709228515625, 194.6614990234375, 46.968597412109375, 90.22956848144531], 'conf': 0.9058475, 'label_id': 'cell phone', 'sub_labels': 'other', 'sub_labels_conf': 0.9557451605796814, 'id': 1}, {'box': [539.697265625, 328.26165771484375, 33.65753173828125, 53.4029541015625], 'conf': 0.80179113, 'label_id': 'mouse', 'sub_labels': 'not_human', 'sub_labels_conf': 0.5782958269119263, 'id': 2}, {'box': [409.54876708984375, 304.44561767578125, 203.60604858398438, 76.01638793945312], 'conf': 0.7499388, 'label_id': 'keyboard', 'sub_labels': 'not_human', 'sub_labels_conf': 0.9980055689811707, 'id': 3}, {'box': [1030.9241943359375, 244.95741271972656, 64.435546875, 46.193939208984375], 'conf': 0.67959225, 'label_id': 'cup', 'sub_labels': 'other', 'sub_labels_conf': 0.9992908239364624, 'id': 4}, {'box': [545.2540283203125, 60.79957580566406, 205.55667114257812, 119.96903991699219], 'conf': 0.6181224, 'label_id': 'tv', 'sub_labels': 'other', 'sub_labels_conf': 0.6334521770477295, 'id': 5}, {'box': [430.1455383300781, 312.6945495605469, 334.08795166015625, 169.917236328125], 'conf': 0.47185817, 'label_id': 'laptop', 'sub_labels': 'not_human', 'sub_labels_conf': 0.9999984502792358, 'id': 6}, {'box': [828.639892578125, 330.6717529296875, 266.89105224609375, 96.50595092773438], 'conf': 0.4256804, 'label_id': 'keyboard', 'sub_labels': 'other', 'sub_labels_conf': 0.9236792922019958, 'id': 7}, {'box': [750.40478515625, 453.95660400390625, 279.05364990234375, 402.21240234375], 'conf': 0.6045644, 'label_id': 'person', 'sub_labels': 'other', 'sub_labels_conf': 0.9046172499656677, 'id': 8}]"
69,2024/5/22 Wednesday 0:0:57,"[{'box': [472.4576721191406, 194.66920471191406, 46.97149658203125, 90.226806640625], 'conf': 0.9066425, 'label_id': 'cell phone', 'sub_labels': 'other', 'sub_labels_conf': 0.9557451605796814, 'id': 1}, {'box': [539.6944580078125, 328.24981689453125, 33.66595458984375, 53.371063232421875], 'conf': 0.8099364, 'label_id': 'mouse', 'sub_labels': 'not_human', 'sub_labels_conf': 0.5782958269119263, 'id': 2}, {'box': [409.4866943359375, 304.4713134765625, 203.61416625976562, 76.03973388671875], 'conf': 0.75194293, 'label_id': 'keyboard', 'sub_labels': 'not_human', 'sub_labels_conf': 0.9980055689811707, 'id': 3}, {'box': [1030.9432373046875, 244.99313354492188, 64.439208984375, 46.164306640625], 'conf': 0.7121331, 'label_id': 'cup', 'sub_labels': 'other', 'sub_labels_conf': 0.9992908239364624, 'id': 4}, {'box': [545.2435302734375, 60.82901382446289, 205.52801513671875, 120.02999114990234], 'conf': 0.6445049, 'label_id': 'tv', 'sub_labels': 'other', 'sub_labels_conf': 0.6786680221557617, 'id': 5}, {'box': [430.23333740234375, 312.8377380371094, 334.1370849609375, 170.3439178466797], 'conf': 0.4816215, 'label_id': 'laptop', 'sub_labels': 'not_human', 'sub_labels_conf': 0.9999985694885254, 'id': 6}, {'box': [827.720703125, 330.47833251953125, 264.010986328125, 95.52810668945312], 'conf': 0.59995526, 'label_id': 'keyboard', 'sub_labels': 'other', 'sub_labels_conf': 0.5430588126182556, 'id': 7}, {'box': [751.7615966796875, 453.54827880859375, 281.91619873046875, 410.1789855957031], 'conf': 0.6877599, 'label_id': 'person', 'sub_labels': 'other', 'sub_labels_conf': 0.9540207386016846, 'id': 8}]"
70,2024/5/22 Wednesday 0:0:57,"[{'box': [472.454833984375, 194.67697143554688, 46.977813720703125, 90.24516296386719], 'conf': 0.90733737, 'label_id': 'cell phone', 'sub_labels': 'other', 'sub_labels_conf': 0.9557451605796814, 'id': 1}, {'box': [539.6802368164062, 328.26226806640625, 33.6787109375, 53.400787353515625], 'conf': 0.7937321, 'label_id': 'mouse', 'sub_labels': 'not_human', 'sub_labels_conf': 0.5782958269119263, 'id': 2}, {'box': [409.46649169921875, 304.4820861816406, 203.61489868164062, 76.11614990234375], 'conf': 0.743141, 'label_id': 'keyboard', 'sub_labels': 'not_human', 'sub_labels_conf': 0.9980055689811707, 'id': 3}, {'box': [1030.942626953125, 245.02273559570312, 64.4510498046875, 46.16358947753906], 'conf': 0.7419642, 'label_id': 'cup', 'sub_labels': 'other', 'sub_labels_conf': 0.9996546506881714, 'id': 4}, {'box': [545.2755126953125, 61.116092681884766, 205.53326416015625, 120.57982635498047], 'conf': 0.6602823, 'label_id': 'tv', 'sub_labels': 'other', 'sub_labels_conf': 0.6931918263435364, 'id': 5}, {'box': [430.32373046875, 312.97412109375, 334.2158508300781, 170.4611053466797], 'conf': 0.524232, 'label_id': 'laptop', 'sub_labels': 'not_human', 'sub_labels_conf': 0.9999985694885254, 'id': 6}, {'box': [829.115966796875, 330.9046325683594, 260.66680908203125, 95.5440673828125], 'conf': 0.4712911, 'label_id': 'keyboard', 'sub_labels': 'not_human', 'sub_labels_conf': 0.8167025446891785, 'id': 7}, {'box': [754.528076171875, 454.8431701660156, 288.16131591796875, 409.03619384765625], 'conf': 0.75725245, 'label_id': 'person', 'sub_labels': 'other', 'sub_labels_conf': 0.9560656547546387, 'id': 8}]"
71,2024/5/22 Wednesday 0:0:57,"[{'box': [472.46502685546875, 194.68621826171875, 47.030181884765625, 90.29434204101562], 'conf': 0.9092997, 'label_id': 'cell phone', 'sub_labels': 'other', 'sub_labels_conf': 0.9557451605796814, 'id': 1}, {'box': [539.6737670898438, 328.29327392578125, 33.6722412109375, 53.482757568359375], 'conf': 0.7850244, 'label_id': 'mouse', 'sub_labels': 'not_human', 'sub_labels_conf': 0.5782958269119263, 'id': 2}, {'box': [409.535400390625, 304.47381591796875, 203.4794921875, 76.14047241210938], 'conf': 0.7296145, 'label_id': 'keyboard', 'sub_labels': 'not_human', 'sub_labels_conf': 0.9980055689811707, 'id': 3}, {'box': [1030.94140625, 245.04251098632812, 64.4498291015625, 46.15592956542969], 'conf': 0.7352609, 'label_id': 'cup', 'sub_labels': 'other', 'sub_labels_conf': 0.9996546506881714, 'id': 4}, {'box': [545.2759399414062, 61.27778625488281, 205.5328369140625, 120.89276123046875], 'conf': 0.6596379, 'label_id': 'tv', 'sub_labels': 'other', 'sub_labels_conf': 0.6931918263435364, 'id': 5}, {'box': [430.2171325683594, 312.8990783691406, 334.07916259765625, 169.8982696533203], 'conf': 0.5183733, 'label_id': 'laptop', 'sub_labels': 'not_human', 'sub_labels_conf': 0.9999984502792358, 'id': 6}, {'box': [830.4700927734375, 331.7955322265625, 255.9378662109375, 97.02572631835938], 'conf': 0.47914675, 'label_id': 'keyboard', 'sub_labels': 'not_human', 'sub_labels_conf': 0.7872124314308167, 'id': 7}, {'box': [757.37109375, 450.42626953125, 292.98028564453125, 381.6460266113281], 'conf': 0.8120764, 'label_id': 'person', 'sub_labels': 'other', 'sub_labels_conf': 0.9811960458755493, 'id': 8}]"
72,2024/5/22 Wednesday 0:0:57,"[{'box': [472.4517517089844, 194.66790771484375, 47.0247802734375, 90.29472351074219], 'conf': 0.90916497, 'label_id': 'cell phone', 'sub_labels': 'other', 'sub_labels_conf': 0.9557451605796814, 'id': 1}, {'box': [539.6634521484375, 328.2317810058594, 33.68365478515625, 53.40850830078125], 'conf': 0.7984418, 'label_id': 'mouse', 'sub_labels': 'not_human', 'sub_labels_conf': 0.5782958269119263, 'id': 2}, {'box': [409.5716247558594, 304.488037109375, 203.45660400390625, 76.25680541992188], 'conf': 0.72927094, 'label_id': 'keyboard', 'sub_labels': 'not_human', 'sub_labels_conf': 0.9980055689811707, 'id': 3}, {'box': [1030.9383544921875, 244.94244384765625, 64.41827392578125, 46.26495361328125], 'conf': 0.6738735, 'label_id': 'cup', 'sub_labels': 'other', 'sub_labels_conf': 0.9992908239364624, 'id': 4}, {'box': [545.1399536132812, 61.191650390625, 205.30014038085938, 120.71403503417969], 'conf': 0.65113455, 'label_id': 'tv', 'sub_labels': 'other', 'sub_labels_conf': 0.6931918263435364, 'id': 5}, {'box': [430.2363586425781, 312.8793029785156, 334.29803466796875, 170.36109924316406], 'conf': 0.5199931, 'label_id': 'laptop', 'sub_labels': 'not_human', 'sub_labels_conf': 0.9999986886978149, 'id': 6}, {'box': [833.2924194335938, 331.82196044921875, 250.8521728515625, 95.5555419921875], 'conf': 0.111085095, 'label_id': 'laptop', 'sub_labels': 'not_human', 'sub_labels_conf': 0.5543175935745239, 'id': 7}, {'box': [758.1219482421875, 455.3763732910156, 293.98297119140625, 364.07330322265625], 'conf': 0.7101835, 'label_id': 'person', 'sub_labels': 'other', 'sub_labels_conf': 0.9922961592674255, 'id': 8}]"
73,2024/5/22 Wednesday 0:0:57,"[{'box': [472.4456787109375, 194.61001586914062, 47.015350341796875, 90.32548522949219], 'conf': 0.90903926, 'label_id': 'cell phone', 'sub_labels': 'other', 'sub_labels_conf': 0.9557451605796814, 'id': 1}, {'box': [539.645751953125, 328.1759948730469, 33.69781494140625, 53.39739990234375], 'conf': 0.82751733, 'label_id': 'mouse', 'sub_labels': 'not_human', 'sub_labels_conf': 0.5782958269119263, 'id': 2}, {'box': [409.5604553222656, 304.43182373046875, 203.5401611328125, 76.3087158203125], 'conf': 0.73878694, 'label_id': 'keyboard', 'sub_labels': 'not_human', 'sub_labels_conf': 0.9980055689811707, 'id': 3}, {'box': [1030.9232177734375, 244.86288452148438, 64.43707275390625, 46.27964782714844], 'conf': 0.6632391, 'label_id': 'cup', 'sub_labels': 'other', 'sub_labels_conf': 0.9992908239364624, 'id': 4}, {'box': [545.3286743164062, 61.140525817871094, 205.83499145507812, 120.72993469238281], 'conf': 0.60865885, 'label_id': 'tv', 'sub_labels': 'other', 'sub_labels_conf': 0.6931918263435364, 'id': 5}, {'box': [430.44866943359375, 313.33502197265625, 334.4400329589844, 170.80401611328125], 'conf': 0.56651306, 'label_id': 'laptop', 'sub_labels': 'not_human', 'sub_labels_conf': 0.999998927116394, 'id': 6}, {'box': [825.09765625, 329.84356689453125, 269.06854248046875, 95.19070434570312], 'conf': 0.44145337, 'label_id': 'keyboard', 'sub_labels': 'not_human', 'sub_labels_conf': 0.9431746006011963, 'id': 7}, {'box': [759.7037353515625, 458.30242919921875, 296.4334716796875, 337.8382263183594], 'conf': 0.4290498, 'label_id': 'backpack', 'sub_labels': 'other', 'sub_labels_conf': 0.9978383183479309, 'id': 8}]"
74,2024/5/22 Wednesday 0:0:57,"[{'box': [472.4234924316406, 194.58648681640625, 46.94525146484375, 90.28669738769531], 'conf': 0.9062085, 'label_id': 'cell phone', 'sub_labels': 'other', 'sub_labels_conf': 0.9557451605796814, 'id': 1}, {'box': [539.6500244140625, 328.17706298828125, 33.6737060546875, 53.3995361328125], 'conf': 0.7994486, 'label_id': 'mouse', 'sub_labels': 'not_human', 'sub_labels_conf': 0.5782958269119263, 'id': 2}, {'box': [409.4978332519531, 304.3999938964844, 203.631591796875, 76.257080078125], 'conf': 0.7451587, 'label_id': 'keyboard', 'sub_labels': 'not_human', 'sub_labels_conf': 0.9980055689811707, 'id': 3}, {'box': [1030.9263916015625, 244.8464813232422, 64.42816162109375, 46.248077392578125], 'conf': 0.64775515, 'label_id': 'cup', 'sub_labels': 'other', 'sub_labels_conf': 0.9992908239364624, 'id': 4}, {'box': [545.4492797851562, 61.08507537841797, 206.13204956054688, 120.69541931152344], 'conf': 0.6090087, 'label_id': 'tv', 'sub_labels': 'other', 'sub_labels_conf': 0.6787808537483215, 'id': 5}, {'box': [430.5281066894531, 313.29962158203125, 334.31109619140625, 170.7036590576172], 'conf': 0.5197381, 'label_id': 'laptop', 'sub_labels': 'not_human', 'sub_labels_conf': 0.9999990463256836, 'id': 6}, {'box': [792.1495361328125, 325.030029296875, 219.36590576171875, 86.20513916015625], 'conf': 0.6207339, 'label_id': 'keyboard', 'sub_labels': 'not_human', 'sub_labels_conf': 0.9761195182800293, 'id': 7}, {'box': [759.637451171875, 467.4578857421875, 295.45831298828125, 312.1800842285156], 'conf': 0.19655369, 'label_id': 'backpack', 'sub_labels': 'other', 'sub_labels_conf': 0.9981355667114258, 'id': 8}]"
75,2024/5/22 Wednesday 0:0:58,"[{'box': [472.4171142578125, 194.578125, 46.94476318359375, 90.31198120117188], 'conf': 0.9069272, 'label_id': 'cell phone', 'sub_labels': 'other', 'sub_labels_conf': 0.9557451605796814, 'id': 1}, {'box': [539.6439208984375, 328.18463134765625, 33.663818359375, 53.404998779296875], 'conf': 0.8064278, 'label_id': 'mouse', 'sub_labels': 'not_human', 'sub_labels_conf': 0.5782958269119263, 'id': 2}, {'box': [409.5478210449219, 304.3800354003906, 203.4881591796875, 76.29632568359375], 'conf': 0.7344749, 'label_id': 'keyboard', 'sub_labels': 'not_human', 'sub_labels_conf': 0.9980055689811707, 'id': 3}, {'box': [1030.94921875, 244.80526733398438, 64.3887939453125, 46.29534912109375], 'conf': 0.59929436, 'label_id': 'cup', 'sub_labels': 'other', 'sub_labels_conf': 0.9992908239364624, 'id': 4}, {'box': [545.4251708984375, 60.93720245361328, 206.14810180664062, 120.3966064453125], 'conf': 0.5987965, 'label_id': 'tv', 'sub_labels': 'other', 'sub_labels_conf': 0.6874883770942688, 'id': 5}, {'box': [430.5617370605469, 313.310546875, 334.24041748046875, 170.6345977783203], 'conf': 0.5608533, 'label_id': 'laptop', 'sub_labels': 'not_human', 'sub_labels_conf': 0.9999990463256836, 'id': 6}, {'box': [778.723876953125, 318.99554443359375, 203.46343994140625, 74.34439086914062], 'conf': 0.5401045, 'label_id': 'keyboard', 'sub_labels': 'not_human', 'sub_labels_conf': 0.6628801822662354, 'id': 7}, {'box': [758.8167724609375, 471.6810302734375, 293.16619873046875, 301.4293212890625], 'conf': 0.6062191, 'label_id': 'person', 'sub_labels': 'other', 'sub_labels_conf': 0.9989537000656128, 'id': 8}]"
76,2024/5/22 Wednesday 0:0:58,"[{'box': [472.4107666015625, 194.58250427246094, 46.927642822265625, 90.30917358398438], 'conf': 0.9071533, 'label_id': 'cell phone', 'sub_labels': 'other', 'sub_labels_conf': 0.9557451605796814, 'id': 1}, {'box': [539.6490478515625, 328.1861572265625, 33.64715576171875, 53.42059326171875], 'conf': 0.80828726, 'label_id': 'mouse', 'sub_labels': 'not_human', 'sub_labels_conf': 0.5782958269119263, 'id': 2}, {'box': [409.6043701171875, 304.4051513671875, 203.51300048828125, 76.20614624023438], 'conf': 0.7403436, 'label_id': 'keyboard', 'sub_labels': 'not_human', 'sub_labels_conf': 0.9980055689811707, 'id': 3}, {'box': [1030.9521484375, 244.84634399414062, 64.3873291015625, 46.30235290527344], 'conf': 0.64792717, 'label_id': 'cup', 'sub_labels': 'other', 'sub_labels_conf': 0.9992908239364624, 'id': 4}, {'box': [545.4743041992188, 60.839534759521484, 206.222900390625, 120.16547393798828], 'conf': 0.603181, 'label_id': 'tv', 'sub_labels': 'other', 'sub_labels_conf': 0.6874883770942688, 'id': 5}, {'box': [430.48223876953125, 313.263916015625, 334.3846740722656, 170.97015380859375], 'conf': 0.48292, 'label_id': 'laptop', 'sub_labels': 'not_human', 'sub_labels_conf': 0.999998927116394, 'id': 6}, {'box': [807.395263671875, 318.51123046875, 251.17962646484375, 73.62759399414062], 'conf': 0.5351192, 'label_id': 'keyboard', 'sub_labels': 'not_human', 'sub_labels_conf': 0.9781831502914429, 'id': 7}, {'box': [759.0535888671875, 475.408447265625, 290.95001220703125, 293.3525695800781], 'conf': 0.2805502, 'label_id': 'person', 'sub_labels': 'other', 'sub_labels_conf': 0.9986752867698669, 'id': 8}]"
77,2024/5/22 Wednesday 0:0:58,"[{'box': [472.4058837890625, 194.57315063476562, 46.933929443359375, 90.32341003417969], 'conf': 0.9078254, 'label_id': 'cell phone', 'sub_labels': 'other', 'sub_labels_conf': 0.9557451605796814, 'id': 1}, {'box': [539.6303100585938, 328.1731262207031, 33.67041015625, 53.4271240234375], 'conf': 0.8079655, 'label_id': 'mouse', 'sub_labels': 'not_human', 'sub_labels_conf': 0.5782958269119263, 'id': 2}, {'box': [409.67529296875, 304.3672790527344, 203.31607055664062, 76.22509765625], 'conf': 0.7218504, 'label_id': 'keyboard', 'sub_labels': 'not_human', 'sub_labels_conf': 0.9980055689811707, 'id': 3}, {'box': [1030.934814453125, 244.78599548339844, 64.4239501953125, 46.365631103515625], 'conf': 0.56849927, 'label_id': 'cup', 'sub_labels': 'other', 'sub_labels_conf': 0.9992908239364624, 'id': 4}, {'box': [545.603515625, 60.851070404052734, 206.51971435546875, 120.21454620361328], 'conf': 0.5911316, 'label_id': 'tv', 'sub_labels': 'other', 'sub_labels_conf': 0.6874883770942688, 'id': 5}, {'box': [430.6152648925781, 313.36444091796875, 334.88226318359375, 171.0721435546875], 'conf': 0.56317776, 'label_id': 'laptop', 'sub_labels': 'not_human', 'sub_labels_conf': 0.999998927116394, 'id': 6}, {'box': [817.1001586914062, 315.73309326171875, 262.2210693359375, 68.04592895507812], 'conf': 0.5196093, 'label_id': 'keyboard', 'sub_labels': 'not_human', 'sub_labels_conf': 0.971077561378479, 'id': 7}, {'box': [759.511962890625, 475.6134338378906, 288.85650634765625, 290.57794189453125], 'conf': 0.13731413, 'label_id': 'person', 'sub_labels': 'other', 'sub_labels_conf': 0.998630702495575, 'id': 8}]"
78,2024/5/22 Wednesday 0:0:58,"[{'box': [472.423583984375, 194.55874633789062, 46.973052978515625, 90.34999084472656], 'conf': 0.9090883, 'label_id': 'cell phone', 'sub_labels': 'other', 'sub_labels_conf': 0.9557451605796814, 'id': 1}, {'box': [539.6328735351562, 328.16009521484375, 33.652099609375, 53.3973388671875], 'conf': 0.80046195, 'label_id': 'mouse', 'sub_labels': 'not_human', 'sub_labels_conf': 0.5782958269119263, 'id': 2}, {'box': [409.62213134765625, 304.38775634765625, 203.41726684570312, 76.25100708007812], 'conf': 0.7358023, 'label_id': 'keyboard', 'sub_labels': 'not_human', 'sub_labels_conf': 0.9980055689811707, 'id': 3}, {'box': [1030.93603515625, 244.77259826660156, 64.4454345703125, 46.356292724609375], 'conf': 0.5563316, 'label_id': 'cup', 'sub_labels': 'other', 'sub_labels_conf': 0.9992908239364624, 'id': 4}, {'box': [545.6948852539062, 60.882598876953125, 206.77133178710938, 120.36715698242188], 'conf': 0.5859839, 'label_id': 'tv', 'sub_labels': 'other', 'sub_labels_conf': 0.6874883770942688, 'id': 5}, {'box': [430.6775207519531, 313.40618896484375, 334.79486083984375, 170.7869415283203], 'conf': 0.63294905, 'label_id': 'laptop', 'sub_labels': 'not_human', 'sub_labels_conf': 0.999998927116394, 'id': 6}, {'box': [821.669189453125, 313.7511291503906, 270.35931396484375, 63.409423828125], 'conf': 0.18128112, 'label_id': 'keyboard', 'sub_labels': 'not_human', 'sub_labels_conf': 0.8965931534767151, 'id': 7}, {'box': [759.31494140625, 473.8406982421875, 287.59454345703125, 297.7084655761719], 'conf': 0.21446678, 'label_id': 'backpack', 'sub_labels': 'other', 'sub_labels_conf': 0.9958413243293762, 'id': 8}]"
79,2024/5/22 Wednesday 0:0:58,"[{'box': [472.4278564453125, 194.5682373046875, 46.960235595703125, 90.32438659667969], 'conf': 0.9079045, 'label_id': 'cell phone', 'sub_labels': 'other', 'sub_labels_conf': 0.9557451605796814, 'id': 1}, {'box': [539.6387939453125, 328.1476745605469, 33.6480712890625, 53.347412109375], 'conf': 0.82614106, 'label_id': 'mouse', 'sub_labels': 'not_human', 'sub_labels_conf': 0.5782958269119263, 'id': 2}, {'box': [409.5908203125, 304.3712158203125, 203.58355712890625, 76.2161865234375], 'conf': 0.7356663, 'label_id': 'keyboard', 'sub_labels': 'not_human', 'sub_labels_conf': 0.9980055689811707, 'id': 3}, {'box': [1030.947509765625, 244.75778198242188, 64.439208984375, 46.36940002441406], 'conf': 0.58618444, 'label_id': 'cup', 'sub_labels': 'other', 'sub_labels_conf': 0.9992908239364624, 'id': 4}, {'box': [545.635009765625, 60.95589828491211, 206.74676513671875, 120.52754974365234], 'conf': 0.58658355, 'label_id': 'tv', 'sub_labels': 'other', 'sub_labels_conf': 0.6874883770942688, 'id': 5}, {'box': [430.69342041015625, 313.2493896484375, 334.6996154785156, 170.52896118164062], 'conf': 0.589406, 'label_id': 'laptop', 'sub_labels': 'not_human', 'sub_labels_conf': 0.9999988079071045, 'id': 6}, {'box': [759.220703125, 472.0312194824219, 285.30340576171875, 302.31610107421875], 'conf': 0.14236455, 'label_id': 'backpack', 'sub_labels': 'other', 'sub_labels_conf': 0.9967572093009949, 'id': 8}]"
80,2024/5/22 Wednesday 0:0:58,"[{'box': [472.4156494140625, 194.57974243164062, 46.938873291015625, 90.28857421875], 'conf': 0.9069967, 'label_id': 'cell phone', 'sub_labels': 'other', 'sub_labels_conf': 0.9557451605796814, 'id': 1}, {'box': [539.6324462890625, 328.1356201171875, 33.67120361328125, 53.294036865234375], 'conf': 0.83899254, 'label_id': 'mouse', 'sub_labels': 'not_human', 'sub_labels_conf': 0.5782958269119263, 'id': 2}, {'box': [409.54248046875, 304.38330078125, 203.75177001953125, 76.16433715820312], 'conf': 0.7474478, 'label_id': 'keyboard', 'sub_labels': 'not_human', 'sub_labels_conf': 0.9980055689811707, 'id': 3}, {'box': [1030.9443359375, 244.80560302734375, 64.4166259765625, 46.3372802734375], 'conf': 0.6083172, 'label_id': 'cup', 'sub_labels': 'other', 'sub_labels_conf': 0.9992908239364624, 'id': 4}, {'box': [545.602783203125, 60.87472152709961, 206.8465576171875, 120.38703155517578], 'conf': 0.5673136, 'label_id': 'tv', 'sub_labels': 'other', 'sub_labels_conf': 0.6874883770942688, 'id': 5}, {'box': [430.67431640625, 313.0515441894531, 334.5813293457031, 170.14698791503906], 'conf': 0.5880982, 'label_id': 'laptop', 'sub_labels': 'not_human', 'sub_labels_conf': 0.9999988079071045, 'id': 6}, {'box': [759.8275146484375, 468.4091796875, 284.12982177734375, 308.9388732910156], 'conf': 0.15652794, 'label_id': 'backpack', 'sub_labels': 'other', 'sub_labels_conf': 0.9958674907684326, 'id': 8}]"
81,2024/5/22 Wednesday 0:0:58,"[{'box': [472.40576171875, 194.58642578125, 46.924072265625, 90.25257873535156], 'conf': 0.908011, 'label_id': 'cell phone', 'sub_labels': 'other', 'sub_labels_conf': 0.9557451605796814, 'id': 1}, {'box': [539.6427612304688, 328.1370849609375, 33.6627197265625, 53.274169921875], 'conf': 0.83782315, 'label_id': 'mouse', 'sub_labels': 'not_human', 'sub_labels_conf': 0.5782958269119263, 'id': 2}, {'box': [409.5738525390625, 304.36297607421875, 203.7889404296875, 76.27267456054688], 'conf': 0.7469902, 'label_id': 'keyboard', 'sub_labels': 'not_human', 'sub_labels_conf': 0.9980055689811707, 'id': 3}, {'box': [1030.891357421875, 244.97540283203125, 64.49163818359375, 46.10076904296875], 'conf': 0.48126364, 'label_id': 'cup', 'sub_labels': 'other', 'sub_labels_conf': 0.9992908239364624, 'id': 4}, {'box': [545.615478515625, 60.81309509277344, 206.92446899414062, 120.27059936523438], 'conf': 0.5525709, 'label_id': 'tv', 'sub_labels': 'other', 'sub_labels_conf': 0.6874883770942688, 'id': 5}, {'box': [430.7078552246094, 313.2284851074219, 334.56964111328125, 169.5150604248047], 'conf': 0.5992605, 'label_id': 'laptop', 'sub_labels': 'not_human', 'sub_labels_conf': 0.9999986886978149, 'id': 6}]"
82,2024/5/22 Wednesday 0:0:58,"[{'box': [472.3912048339844, 194.6049346923828, 46.88543701171875, 90.223876953125], 'conf': 0.9056772, 'label_id': 'cell phone', 'sub_labels': 'other', 'sub_labels_conf': 0.9557451605796814, 'id': 1}, {'box': [539.6565551757812, 328.1728515625, 33.6763916015625, 53.365570068359375], 'conf': 0.8063359, 'label_id': 'mouse', 'sub_labels': 'not_human', 'sub_labels_conf': 0.5782958269119263, 'id': 2}, {'box': [409.6424560546875, 304.421630859375, 203.66189575195312, 76.20370483398438], 'conf': 0.7464311, 'label_id': 'keyboard', 'sub_labels': 'not_human', 'sub_labels_conf': 0.9980055689811707, 'id': 3}, {'box': [1030.83203125, 244.95684814453125, 64.6383056640625, 46.05613708496094], 'conf': 0.36192715, 'label_id': 'cup', 'sub_labels': 'other', 'sub_labels_conf': 0.9992908239364624, 'id': 4}, {'box': [545.6561279296875, 60.880775451660156, 206.908935546875, 120.3936767578125], 'conf': 0.55804485, 'label_id': 'tv', 'sub_labels': 'other', 'sub_labels_conf': 0.6874883770942688, 'id': 5}, {'box': [430.5458068847656, 313.197509765625, 334.77166748046875, 169.73324584960938], 'conf': 0.5158441, 'label_id': 'laptop', 'sub_labels': 'not_human', 'sub_labels_conf': 0.999998927116394, 'id': 6}]"
83,2024/5/22 Wednesday 0:0:58,"[{'box': [472.38134765625, 194.61227416992188, 46.841278076171875, 90.18330383300781], 'conf': 0.9052691, 'label_id': 'cell phone', 'sub_labels': 'other', 'sub_labels_conf': 0.9557451605796814, 'id': 1}, {'box': [539.6652221679688, 328.1710205078125, 33.6861572265625, 53.380706787109375], 'conf': 0.8075537, 'label_id': 'mouse', 'sub_labels': 'not_human', 'sub_labels_conf': 0.5782958269119263, 'id': 2}, {'box': [409.660888671875, 304.44110107421875, 203.65750122070312, 76.212646484375], 'conf': 0.7528711, 'label_id': 'keyboard', 'sub_labels': 'not_human', 'sub_labels_conf': 0.9980055689811707, 'id': 3}, {'box': [1030.8392333984375, 244.98690795898438, 64.63140869140625, 46.02482604980469], 'conf': 0.39474583, 'label_id': 'cup', 'sub_labels': 'other', 'sub_labels_conf': 0.9992908239364624, 'id': 4}, {'box': [545.50146484375, 60.594482421875, 206.48379516601562, 119.77143859863281], 'conf': 0.5633305, 'label_id': 'tv', 'sub_labels': 'other', 'sub_labels_conf': 0.6474312543869019, 'id': 5}, {'box': [430.3946838378906, 313.14935302734375, 334.82269287109375, 170.28128051757812], 'conf': 0.44914734, 'label_id': 'laptop', 'sub_labels': 'not_human', 'sub_labels_conf': 0.999998927116394, 'id': 6}]"
84,2024/5/22 Wednesday 0:0:58,"[{'box': [472.38360595703125, 194.617431640625, 46.863494873046875, 90.20382690429688], 'conf': 0.9046226, 'label_id': 'cell phone', 'sub_labels': 'other', 'sub_labels_conf': 0.9557451605796814, 'id': 1}, {'box': [539.65869140625, 328.22259521484375, 33.68927001953125, 53.428985595703125], 'conf': 0.80625176, 'label_id': 'mouse', 'sub_labels': 'not_human', 'sub_labels_conf': 0.5782958269119263, 'id': 2}, {'box': [409.6602783203125, 304.431396484375, 203.56137084960938, 76.29678344726562], 'conf': 0.7431733, 'label_id': 'keyboard', 'sub_labels': 'not_human', 'sub_labels_conf': 0.9980055689811707, 'id': 3}, {'box': [1030.899169921875, 244.87594604492188, 64.495361328125, 46.196044921875], 'conf': 0.49545372, 'label_id': 'cup', 'sub_labels': 'other', 'sub_labels_conf': 0.9992908239364624, 'id': 4}, {'box': [545.4403076171875, 60.66851806640625, 206.37744140625, 119.871826171875], 'conf': 0.56573373, 'label_id': 'tv', 'sub_labels': 'other', 'sub_labels_conf': 0.6474312543869019, 'id': 5}, {'box': [430.38201904296875, 313.25830078125, 334.7931823730469, 169.9174041748047], 'conf': 0.5058452, 'label_id': 'laptop', 'sub_labels': 'not_human', 'sub_labels_conf': 0.999998927116394, 'id': 6}]"
85,2024/5/22 Wednesday 0:0:58,"[{'box': [472.40185546875, 194.61618041992188, 46.921417236328125, 90.23875427246094], 'conf': 0.9073609, 'label_id': 'cell phone', 'sub_labels': 'other', 'sub_labels_conf': 0.9557451605796814, 'id': 1}, {'box': [539.6441650390625, 328.2282409667969, 33.70556640625, 53.46002197265625], 'conf': 0.8048023, 'label_id': 'mouse', 'sub_labels': 'not_human', 'sub_labels_conf': 0.5782958269119263, 'id': 2}, {'box': [409.6091003417969, 304.41546630859375, 203.68463134765625, 76.38497924804688], 'conf': 0.7484425, 'label_id': 'keyboard', 'sub_labels': 'not_human', 'sub_labels_conf': 0.9980055689811707, 'id': 3}, {'box': [1030.938232421875, 244.8956298828125, 64.4041748046875, 46.20440673828125], 'conf': 0.59124404, 'label_id': 'cup', 'sub_labels': 'other', 'sub_labels_conf': 0.9993830919265747, 'id': 4}, {'box': [545.3864135742188, 60.652896881103516, 206.2255859375, 119.81195831298828], 'conf': 0.5686323, 'label_id': 'tv', 'sub_labels': 'other', 'sub_labels_conf': 0.6474312543869019, 'id': 5}, {'box': [430.47393798828125, 313.280029296875, 334.71435546875, 169.60983276367188], 'conf': 0.5584165, 'label_id': 'laptop', 'sub_labels': 'not_human', 'sub_labels_conf': 0.999998927116394, 'id': 6}]"
86,2024/5/22 Wednesday 0:0:58,"[{'box': [472.4102478027344, 194.5985107421875, 46.96295166015625, 90.28533935546875], 'conf': 0.9097685, 'label_id': 'cell phone', 'sub_labels': 'other', 'sub_labels_conf': 0.9557451605796814, 'id': 1}, {'box': [539.6292724609375, 328.23406982421875, 33.695556640625, 53.451873779296875], 'conf': 0.8105244, 'label_id': 'mouse', 'sub_labels': 'not_human', 'sub_labels_conf': 0.5782958269119263, 'id': 2}, {'box': [409.58038330078125, 304.4321594238281, 203.7578125, 76.370361328125], 'conf': 0.7477568, 'label_id': 'keyboard', 'sub_labels': 'not_human', 'sub_labels_conf': 0.9980055689811707, 'id': 3}, {'box': [1030.90966796875, 245.04324340820312, 64.47528076171875, 46.00482177734375], 'conf': 0.48082387, 'label_id': 'cup', 'sub_labels': 'other', 'sub_labels_conf': 0.9996401071548462, 'id': 4}, {'box': [545.3154296875, 60.5107421875, 206.13107299804688, 119.5269775390625], 'conf': 0.56598395, 'label_id': 'tv', 'sub_labels': 'other', 'sub_labels_conf': 0.6474312543869019, 'id': 5}, {'box': [430.52716064453125, 313.38726806640625, 334.5720520019531, 168.90631103515625], 'conf': 0.55342263, 'label_id': 'laptop', 'sub_labels': 'not_human', 'sub_labels_conf': 0.999998927116394, 'id': 6}]"
87,2024/5/22 Wednesday 0:0:58,"[{'box': [472.4174499511719, 194.60018920898438, 46.9835205078125, 90.28665161132812], 'conf': 0.9095724, 'label_id': 'cell phone', 'sub_labels': 'other', 'sub_labels_conf': 0.9557451605796814, 'id': 1}, {'box': [539.6253662109375, 328.21405029296875, 33.7265625, 53.410491943359375], 'conf': 0.80991703, 'label_id': 'mouse', 'sub_labels': 'not_human', 'sub_labels_conf': 0.5782958269119263, 'id': 2}, {'box': [409.59344482421875, 304.4086608886719, 203.76870727539062, 76.384521484375], 'conf': 0.73760813, 'label_id': 'keyboard', 'sub_labels': 'not_human', 'sub_labels_conf': 0.9980055689811707, 'id': 3}, {'box': [1030.9302978515625, 244.9486846923828, 64.42010498046875, 46.067108154296875], 'conf': 0.52575785, 'label_id': 'cup', 'sub_labels': 'other', 'sub_labels_conf': 0.9993830919265747, 'id': 4}, {'box': [545.3477783203125, 60.49605178833008, 206.28390502929688, 119.58484649658203], 'conf': 0.5820651, 'label_id': 'tv', 'sub_labels': 'other', 'sub_labels_conf': 0.6474312543869019, 'id': 5}, {'box': [430.42669677734375, 313.32989501953125, 334.6453857421875, 168.553955078125], 'conf': 0.5751742, 'label_id': 'laptop', 'sub_labels': 'not_human', 'sub_labels_conf': 0.999998927116394, 'id': 6}]"
88,2024/5/22 Wednesday 0:0:58,"[{'box': [472.417236328125, 194.5889129638672, 46.995941162109375, 90.28433227539062], 'conf': 0.90968645, 'label_id': 'cell phone', 'sub_labels': 'other', 'sub_labels_conf': 0.9557451605796814, 'id': 1}, {'box': [539.6265869140625, 328.20062255859375, 33.75335693359375, 53.412017822265625], 'conf': 0.8159437, 'label_id': 'mouse', 'sub_labels': 'not_human', 'sub_labels_conf': 0.5782958269119263, 'id': 2}, {'box': [409.57940673828125, 304.40216064453125, 203.894287109375, 76.33905029296875], 'conf': 0.7503167, 'label_id': 'keyboard', 'sub_labels': 'not_human', 'sub_labels_conf': 0.9980055689811707, 'id': 3}, {'box': [1030.8958740234375, 245.0625, 64.47088623046875, 45.9207763671875], 'conf': 0.47231716, 'label_id': 'cup', 'sub_labels': 'other', 'sub_labels_conf': 0.9993626475334167, 'id': 4}, {'box': [545.380615234375, 60.419132232666016, 206.35537719726562, 119.47480010986328], 'conf': 0.5734271, 'label_id': 'tv', 'sub_labels': 'other', 'sub_labels_conf': 0.6474312543869019, 'id': 5}, {'box': [430.31219482421875, 313.23345947265625, 334.439208984375, 168.49542236328125], 'conf': 0.5219655, 'label_id': 'laptop', 'sub_labels': 'not_human', 'sub_labels_conf': 0.999998927116394, 'id': 6}]"
89,2024/5/22 Wednesday 0:0:58,"[{'box': [472.4052734375, 194.58969116210938, 46.970123291015625, 90.27159118652344], 'conf': 0.90918803, 'label_id': 'cell phone', 'sub_labels': 'other', 'sub_labels_conf': 0.9557451605796814, 'id': 1}, {'box': [539.6298828125, 328.1795959472656, 33.74713134765625, 53.35906982421875], 'conf': 0.8194146, 'label_id': 'mouse', 'sub_labels': 'not_human', 'sub_labels_conf': 0.5782958269119263, 'id': 2}, {'box': [409.5462646484375, 304.4830322265625, 204.01364135742188, 76.43511962890625], 'conf': 0.766319, 'label_id': 'keyboard', 'sub_labels': 'not_human', 'sub_labels_conf': 0.9976248145103455, 'id': 3}, {'box': [1030.914306640625, 244.91104125976562, 64.4095458984375, 46.07273864746094], 'conf': 0.48668796, 'label_id': 'cup', 'sub_labels': 'other', 'sub_labels_conf': 0.9993830919265747, 'id': 4}, {'box': [545.190185546875, 60.02996826171875, 206.0279541015625, 118.66828918457031], 'conf': 0.5700408, 'label_id': 'tv', 'sub_labels': 'other', 'sub_labels_conf': 0.6474312543869019, 'id': 5}, {'box': [430.46453857421875, 313.066650390625, 334.3820495605469, 168.58090209960938], 'conf': 0.49836415, 'label_id': 'laptop', 'sub_labels': 'not_human', 'sub_labels_conf': 0.999998927116394, 'id': 6}]"
90,2024/5/22 Wednesday 0:0:58,"[{'box': [472.38458251953125, 194.600341796875, 46.90771484375, 90.21328735351562], 'conf': 0.90667504, 'label_id': 'cell phone', 'sub_labels': 'other', 'sub_labels_conf': 0.9557451605796814, 'id': 1}, {'box': [539.6395874023438, 328.1744689941406, 33.733154296875, 53.39544677734375], 'conf': 0.81744486, 'label_id': 'mouse', 'sub_labels': 'not_human', 'sub_labels_conf': 0.5782958269119263, 'id': 2}, {'box': [409.5117492675781, 304.49169921875, 204.02532958984375, 76.39053344726562], 'conf': 0.758632, 'label_id': 'keyboard', 'sub_labels': 'not_human', 'sub_labels_conf': 0.9976248145103455, 'id': 3}, {'box': [1030.8675537109375, 244.98809814453125, 64.51080322265625, 45.97430419921875], 'conf': 0.41501796, 'label_id': 'cup', 'sub_labels': 'other', 'sub_labels_conf': 0.9997075200080872, 'id': 4}, {'box': [545.1077880859375, 59.9728889465332, 205.92144775390625, 118.5582046508789], 'conf': 0.56580716, 'label_id': 'tv', 'sub_labels': 'not_human', 'sub_labels_conf': 0.42882001399993896, 'id': 5}, {'box': [430.51153564453125, 313.1995544433594, 334.2237243652344, 168.8381805419922], 'conf': 0.5479084, 'label_id': 'laptop', 'sub_labels': 'not_human', 'sub_labels_conf': 0.999998927116394, 'id': 6}]"
91,2024/5/22 Wednesday 0:0:58,"[{'box': [472.3837890625, 194.60269165039062, 46.89398193359375, 90.20790100097656], 'conf': 0.9064632, 'label_id': 'cell phone', 'sub_labels': 'other', 'sub_labels_conf': 0.9557451605796814, 'id': 1}, {'box': [539.6463012695312, 328.19085693359375, 33.72900390625, 53.421112060546875], 'conf': 0.810913, 'label_id': 'mouse', 'sub_labels': 'not_human', 'sub_labels_conf': 0.5782958269119263, 'id': 2}, {'box': [409.52587890625, 304.4889221191406, 204.05209350585938, 76.41058349609375], 'conf': 0.7591337, 'label_id': 'keyboard', 'sub_labels': 'not_human', 'sub_labels_conf': 0.9976248145103455, 'id': 3}, {'box': [1030.8634033203125, 245.02413940429688, 64.52978515625, 45.9447021484375], 'conf': 0.41468123, 'label_id': 'cup', 'sub_labels': 'other', 'sub_labels_conf': 0.9993626475334167, 'id': 4}, {'box': [545.1406860351562, 59.94582748413086, 206.045654296875, 118.5196762084961], 'conf': 0.56566566, 'label_id': 'tv', 'sub_labels': 'other', 'sub_labels_conf': 0.44184768199920654, 'id': 5}, {'box': [430.5980224609375, 313.2859802246094, 334.491943359375, 169.06361389160156], 'conf': 0.51066196, 'label_id': 'laptop', 'sub_labels': 'not_human', 'sub_labels_conf': 0.999998927116394, 'id': 6}, {'box': [753.6359252929688, 504.34912109375, 273.8560791015625, 240.44631958007812], 'conf': 0.50131035, 'label_id': 'backpack', 'sub_labels': 'other', 'sub_labels_conf': 0.9963101744651794, 'id': 8}]"
92,2024/5/22 Wednesday 0:0:58,"[{'box': [472.3223571777344, 194.55792236328125, 46.7156982421875, 90.09266662597656], 'conf': 0.9024804, 'label_id': 'cell phone', 'sub_labels': 'other', 'sub_labels_conf': 0.9557451605796814, 'id': 1}, {'box': [539.605224609375, 328.18365478515625, 33.6063232421875, 53.396392822265625], 'conf': 0.82241285, 'label_id': 'mouse', 'sub_labels': 'other', 'sub_labels_conf': 0.5230977535247803, 'id': 2}, {'box': [409.4833984375, 304.38232421875, 204.01889038085938, 76.2088623046875], 'conf': 0.75768906, 'label_id': 'keyboard', 'sub_labels': 'not_human', 'sub_labels_conf': 0.9976300001144409, 'id': 3}, {'box': [1030.895263671875, 244.8238525390625, 64.4666748046875, 46.12548828125], 'conf': 0.40886167, 'label_id': 'cup', 'sub_labels': 'other', 'sub_labels_conf': 0.9993830919265747, 'id': 4}, {'box': [545.3077392578125, 59.289249420166016, 206.40509033203125, 117.30525970458984], 'conf': 0.5632635, 'label_id': 'tv', 'sub_labels': 'other', 'sub_labels_conf': 0.5690508484840393, 'id': 5}, {'box': [430.63446044921875, 313.51568603515625, 334.5155029296875, 169.63040161132812], 'conf': 0.5211653, 'label_id': 'laptop', 'sub_labels': 'not_human', 'sub_labels_conf': 0.999998927116394, 'id': 6}, {'box': [754.4891357421875, 502.57025146484375, 274.879638671875, 243.36972045898438], 'conf': 0.6078051, 'label_id': 'backpack', 'sub_labels': 'other', 'sub_labels_conf': 0.994575023651123, 'id': 8}]"
93,2024/5/22 Wednesday 0:0:58,"[{'box': [472.29486083984375, 194.5467529296875, 46.642181396484375, 90.03732299804688], 'conf': 0.9023223, 'label_id': 'cell phone', 'sub_labels': 'other', 'sub_labels_conf': 0.9557451605796814, 'id': 1}, {'box': [539.5896606445312, 328.177734375, 33.5616455078125, 53.3760986328125], 'conf': 0.83394235, 'label_id': 'mouse', 'sub_labels': 'other', 'sub_labels_conf': 0.5230977535247803, 'id': 2}, {'box': [409.4618835449219, 304.34332275390625, 203.9443359375, 76.10830688476562], 'conf': 0.7537667, 'label_id': 'keyboard', 'sub_labels': 'not_human', 'sub_labels_conf': 0.9980143308639526, 'id': 3}, {'box': [1030.85791015625, 244.9201202392578, 64.557373046875, 46.030853271484375], 'conf': 0.40416095, 'label_id': 'cup', 'sub_labels': 'other', 'sub_labels_conf': 0.9993830919265747, 'id': 4}, {'box': [545.3480224609375, 58.998817443847656, 206.49349975585938, 116.74887084960938], 'conf': 0.56469935, 'label_id': 'tv', 'sub_labels': 'other', 'sub_labels_conf': 0.40987494587898254, 'id': 5}, {'box': [430.65216064453125, 313.54925537109375, 334.5902099609375, 169.5818328857422], 'conf': 0.54610264, 'label_id': 'laptop', 'sub_labels': 'not_human', 'sub_labels_conf': 0.999998927116394, 'id': 6}, {'box': [755.0067749023438, 504.51763916015625, 277.4176025390625, 239.17623901367188], 'conf': 0.50398177, 'label_id': 'backpack', 'sub_labels': 'other', 'sub_labels_conf': 0.9908214211463928, 'id': 8}]"
94,2024/5/22 Wednesday 0:0:58,"[{'box': [472.3013916015625, 194.52743530273438, 46.6533203125, 90.06472778320312], 'conf': 0.9034547, 'label_id': 'cell phone', 'sub_labels': 'other', 'sub_labels_conf': 0.9557451605796814, 'id': 1}, {'box': [539.57080078125, 328.166015625, 33.5504150390625, 53.358245849609375], 'conf': 0.83492637, 'label_id': 'mouse', 'sub_labels': 'other', 'sub_labels_conf': 0.5230977535247803, 'id': 2}, {'box': [409.4962463378906, 304.27349853515625, 203.90496826171875, 76.21035766601562], 'conf': 0.74014825, 'label_id': 'keyboard', 'sub_labels': 'not_human', 'sub_labels_conf': 0.9980143308639526, 'id': 3}, {'box': [1030.84619140625, 244.9559326171875, 64.58685302734375, 46.00050354003906], 'conf': 0.39758834, 'label_id': 'cup', 'sub_labels': 'other', 'sub_labels_conf': 0.9993830919265747, 'id': 4}, {'box': [545.4635620117188, 59.00767517089844, 206.76712036132812, 116.81156921386719], 'conf': 0.5619491, 'label_id': 'tv', 'sub_labels': 'other', 'sub_labels_conf': 0.5690508484840393, 'id': 5}, {'box': [430.4364013671875, 313.6412353515625, 334.5256652832031, 169.10061645507812], 'conf': 0.6217328, 'label_id': 'laptop', 'sub_labels': 'not_human', 'sub_labels_conf': 0.999998927116394, 'id': 6}, {'box': [755.396240234375, 506.394775390625, 278.09014892578125, 235.17294311523438], 'conf': 0.43449107, 'label_id': 'backpack', 'sub_labels': 'other', 'sub_labels_conf': 0.9970274567604065, 'id': 8}]"
95,2024/5/22 Wednesday 0:0:58,"[{'box': [472.3081359863281, 194.51876831054688, 46.658447265625, 90.06370544433594], 'conf': 0.90324897, 'label_id': 'cell phone', 'sub_labels': 'other', 'sub_labels_conf': 0.9557451605796814, 'id': 1}, {'box': [539.561279296875, 328.15679931640625, 33.56121826171875, 53.365875244140625], 'conf': 0.83312464, 'label_id': 'mouse', 'sub_labels': 'other', 'sub_labels_conf': 0.5230977535247803, 'id': 2}, {'box': [409.474365234375, 304.236572265625, 203.95083618164062, 76.32546997070312], 'conf': 0.7412816, 'label_id': 'keyboard', 'sub_labels': 'not_human', 'sub_labels_conf': 0.9980143308639526, 'id': 3}, {'box': [1030.8302001953125, 244.94052124023438, 64.63262939453125, 46.01283264160156], 'conf': 0.37975508, 'label_id': 'cup', 'sub_labels': 'other', 'sub_labels_conf': 0.9993830919265747, 'id': 4}, {'box': [545.56103515625, 59.13288116455078, 206.9964599609375, 117.11343383789062], 'conf': 0.5552869, 'label_id': 'tv', 'sub_labels': 'other', 'sub_labels_conf': 0.5690508484840393, 'id': 5}, {'box': [430.36822509765625, 313.5686950683594, 334.3834533691406, 169.33848571777344], 'conf': 0.64482707, 'label_id': 'laptop', 'sub_labels': 'not_human', 'sub_labels_conf': 0.999998927116394, 'id': 6}, {'box': [755.416748046875, 506.8450927734375, 277.73675537109375, 233.87765502929688], 'conf': 0.396411, 'label_id': 'backpack', 'sub_labels': 'other', 'sub_labels_conf': 0.9977158308029175, 'id': 8}]"
96,2024/5/22 Wednesday 0:0:58,"[{'box': [472.30352783203125, 194.52682495117188, 46.656219482421875, 90.04841613769531], 'conf': 0.90178657, 'label_id': 'cell phone', 'sub_labels': 'other', 'sub_labels_conf': 0.9557451605796814, 'id': 1}, {'box': [539.5575561523438, 328.15765380859375, 33.5570068359375, 53.404052734375], 'conf': 0.8301514, 'label_id': 'mouse', 'sub_labels': 'other', 'sub_labels_conf': 0.5230977535247803, 'id': 2}, {'box': [409.49884033203125, 304.25152587890625, 203.94467163085938, 76.34725952148438], 'conf': 0.74109215, 'label_id': 'keyboard', 'sub_labels': 'not_human', 'sub_labels_conf': 0.9980143308639526, 'id': 3}, {'box': [1030.82421875, 244.9393310546875, 64.638427734375, 46.00697326660156], 'conf': 0.3883645, 'label_id': 'cup', 'sub_labels': 'other', 'sub_labels_conf': 0.9993830919265747, 'id': 4}, {'box': [545.5662231445312, 59.09986114501953, 207.01907348632812, 117.06259155273438], 'conf': 0.5519117, 'label_id': 'tv', 'sub_labels': 'other', 'sub_labels_conf': 0.5690508484840393, 'id': 5}, {'box': [430.33685302734375, 313.4510498046875, 334.4761047363281, 169.78488159179688], 'conf': 0.6345465, 'label_id': 'laptop', 'sub_labels': 'not_human', 'sub_labels_conf': 0.999998927116394, 'id': 6}, {'box': [755.4035034179688, 506.7829895019531, 277.175537109375, 234.02301025390625], 'conf': 0.30855668, 'label_id': 'backpack', 'sub_labels': 'other', 'sub_labels_conf': 0.9981369972229004, 'id': 8}]"
97,2024/5/22 Wednesday 0:0:58,"[{'box': [472.292724609375, 194.53872680664062, 46.648406982421875, 90.02702331542969], 'conf': 0.90171736, 'label_id': 'cell phone', 'sub_labels': 'other', 'sub_labels_conf': 0.9557451605796814, 'id': 1}, {'box': [539.5560302734375, 328.1639404296875, 33.5504150390625, 53.409149169921875], 'conf': 0.8348359, 'label_id': 'mouse', 'sub_labels': 'other', 'sub_labels_conf': 0.5230977535247803, 'id': 2}, {'box': [409.4934387207031, 304.27813720703125, 203.99908447265625, 76.31118774414062], 'conf': 0.751401, 'label_id': 'keyboard', 'sub_labels': 'not_human', 'sub_labels_conf': 0.9980143308639526, 'id': 3}, {'box': [1030.8333740234375, 244.95663452148438, 64.62286376953125, 45.99705505371094], 'conf': 0.40552393, 'label_id': 'cup', 'sub_labels': 'other', 'sub_labels_conf': 0.9997075200080872, 'id': 4}, {'box': [545.488037109375, 59.07213592529297, 206.898681640625, 116.98875427246094], 'conf': 0.54612726, 'label_id': 'tv', 'sub_labels': 'other', 'sub_labels_conf': 0.5657689571380615, 'id': 5}, {'box': [430.38134765625, 313.48651123046875, 334.3497619628906, 170.27713012695312], 'conf': 0.59382504, 'label_id': 'laptop', 'sub_labels': 'not_human', 'sub_labels_conf': 0.9999986886978149, 'id': 6}, {'box': [753.806884765625, 521.2315063476562, 279.85650634765625, 266.2330017089844], 'conf': 0.12959637, 'label_id': 'backpack', 'sub_labels': 'other', 'sub_labels_conf': 0.9975679516792297, 'id': 8}]"
98,2024/5/22 Wednesday 0:0:58,"[{'box': [472.2843017578125, 194.54953002929688, 46.63250732421875, 90.00498962402344], 'conf': 0.90156007, 'label_id': 'cell phone', 'sub_labels': 'other', 'sub_labels_conf': 0.9557451605796814, 'id': 1}, {'box': [539.554931640625, 328.1667785644531, 33.55035400390625, 53.40057373046875], 'conf': 0.8361096, 'label_id': 'mouse', 'sub_labels': 'other', 'sub_labels_conf': 0.5230977535247803, 'id': 2}, {'box': [409.4609375, 304.2705078125, 204.05609130859375, 76.31625366210938], 'conf': 0.7576906, 'label_id': 'keyboard', 'sub_labels': 'not_human', 'sub_labels_conf': 0.9976300001144409, 'id': 3}, {'box': [1030.8836669921875, 244.81027221679688, 64.49761962890625, 46.1435546875], 'conf': 0.42551604, 'label_id': 'cup', 'sub_labels': 'other', 'sub_labels_conf': 0.9993830919265747, 'id': 4}, {'box': [545.546875, 59.06964874267578, 206.98361206054688, 116.98309326171875], 'conf': 0.55893105, 'label_id': 'tv', 'sub_labels': 'other', 'sub_labels_conf': 0.57949298620224, 'id': 5}, {'box': [430.3187255859375, 313.40179443359375, 334.3971252441406, 170.1274871826172], 'conf': 0.5842586, 'label_id': 'laptop', 'sub_labels': 'not_human', 'sub_labels_conf': 0.9999986886978149, 'id': 6}, {'box': [753.9993286132812, 488.6963195800781, 279.0152587890625, 297.17864990234375], 'conf': 0.2572073, 'label_id': 'backpack', 'sub_labels': 'other', 'sub_labels_conf': 0.9996582269668579, 'id': 8}]"
99,2024/5/22 Wednesday 0:0:58,"[{'box': [472.2886962890625, 194.55322265625, 46.643829345703125, 90.0201416015625], 'conf': 0.90144324, 'label_id': 'cell phone', 'sub_labels': 'other', 'sub_labels_conf': 0.9557451605796814, 'id': 1}, {'box': [539.5606689453125, 328.17547607421875, 33.557373046875, 53.423431396484375], 'conf': 0.8256242, 'label_id': 'mouse', 'sub_labels': 'other', 'sub_labels_conf': 0.5230977535247803, 'id': 2}, {'box': [409.4400634765625, 304.2759094238281, 204.04544067382812, 76.36376953125], 'conf': 0.7496342, 'label_id': 'keyboard', 'sub_labels': 'not_human', 'sub_labels_conf': 0.9976300001144409, 'id': 3}, {'box': [1030.9090576171875, 244.78662109375, 64.42486572265625, 46.202392578125], 'conf': 0.46954697, 'label_id': 'cup', 'sub_labels': 'other', 'sub_labels_conf': 0.9993830919265747, 'id': 4}, {'box': [545.5345458984375, 58.94001007080078, 206.89837646484375, 116.69949340820312], 'conf': 0.5483327, 'label_id': 'tv', 'sub_labels': 'not_human', 'sub_labels_conf': 0.4168103337287903, 'id': 5}, {'box': [430.30902099609375, 313.60760498046875, 334.2686767578125, 169.939208984375], 'conf': 0.6223838, 'label_id': 'laptop', 'sub_labels': 'not_human', 'sub_labels_conf': 0.999998927116394, 'id': 6}, {'box': [753.8726196289062, 478.21258544921875, 278.3638916015625, 303.9909973144531], 'conf': 0.30224755, 'label_id': 'backpack', 'sub_labels': 'other', 'sub_labels_conf': 0.9992876648902893, 'id': 8}]"
100,2024/5/22 Wednesday 0:0:59,"[{'box': [472.29583740234375, 194.55572509765625, 46.656280517578125, 90.04042053222656], 'conf': 0.9010718, 'label_id': 'cell phone', 'sub_labels': 'other', 'sub_labels_conf': 0.9557451605796814, 'id': 1}, {'box': [539.5625, 328.1736755371094, 33.5687255859375, 53.4222412109375], 'conf': 0.8263669, 'label_id': 'mouse', 'sub_labels': 'other', 'sub_labels_conf': 0.5230977535247803, 'id': 2}, {'box': [409.46075439453125, 304.27032470703125, 203.9813232421875, 76.40310668945312], 'conf': 0.7455643, 'label_id': 'keyboard', 'sub_labels': 'not_human', 'sub_labels_conf': 0.9980143308639526, 'id': 3}, {'box': [1030.9317626953125, 244.81959533691406, 64.375, 46.225921630859375], 'conf': 0.5328804, 'label_id': 'cup', 'sub_labels': 'other', 'sub_labels_conf': 0.9993830919265747, 'id': 4}, {'box': [545.5224609375, 58.90147399902344, 206.778076171875, 116.59953308105469], 'conf': 0.5519644, 'label_id': 'tv', 'sub_labels': 'not_human', 'sub_labels_conf': 0.4168103337287903, 'id': 5}, {'box': [430.3809509277344, 313.803466796875, 334.34124755859375, 169.89735412597656], 'conf': 0.62072235, 'label_id': 'laptop', 'sub_labels': 'not_human', 'sub_labels_conf': 0.999998927116394, 'id': 6}, {'box': [754.3646240234375, 467.18438720703125, 278.26727294921875, 319.355224609375], 'conf': 0.25605714, 'label_id': 'backpack', 'sub_labels': 'other', 'sub_labels_conf': 0.9996992349624634, 'id': 8}]"
101,2024/5/22 Wednesday 0:0:59,"[{'box': [472.2999572753906, 194.54425048828125, 46.6710205078125, 90.07107543945312], 'conf': 0.9016056, 'label_id': 'cell phone', 'sub_labels': 'other', 'sub_labels_conf': 0.9557451605796814, 'id': 1}, {'box': [539.5616455078125, 328.1810607910156, 33.578125, 53.44757080078125], 'conf': 0.82866144, 'label_id': 'mouse', 'sub_labels': 'other', 'sub_labels_conf': 0.5230977535247803, 'id': 2}, {'box': [409.484130859375, 304.24072265625, 203.85427856445312, 76.40573120117188], 'conf': 0.7422026, 'label_id': 'keyboard', 'sub_labels': 'not_human', 'sub_labels_conf': 0.9980143308639526, 'id': 3}, {'box': [1030.9296875, 244.81654357910156, 64.3690185546875, 46.231964111328125], 'conf': 0.5196094, 'label_id': 'cup', 'sub_labels': 'other', 'sub_labels_conf': 0.9993830919265747, 'id': 4}, {'box': [545.643798828125, 59.09719467163086, 206.97442626953125, 117.01238250732422], 'conf': 0.54210854, 'label_id': 'tv', 'sub_labels': 'other', 'sub_labels_conf': 0.57949298620224, 'id': 5}, {'box': [430.42889404296875, 313.7716369628906, 334.4366455078125, 169.7711181640625], 'conf': 0.6332806, 'label_id': 'laptop', 'sub_labels': 'not_human', 'sub_labels_conf': 0.999998927116394, 'id': 6}, {'box': [754.6890869140625, 461.659423828125, 278.1209716796875, 328.1142883300781], 'conf': 0.25387082, 'label_id': 'backpack', 'sub_labels': 'other', 'sub_labels_conf': 0.9974510073661804, 'id': 8}]"
102,2024/5/22 Wednesday 0:0:59,"[{'box': [472.3017578125, 194.550537109375, 46.659637451171875, 90.06660461425781], 'conf': 0.90022045, 'label_id': 'cell phone', 'sub_labels': 'other', 'sub_labels_conf': 0.9557451605796814, 'id': 1}, {'box': [539.5587768554688, 328.2139892578125, 33.5504150390625, 53.4962158203125], 'conf': 0.8176813, 'label_id': 'mouse', 'sub_labels': 'other', 'sub_labels_conf': 0.5230977535247803, 'id': 2}, {'box': [409.535400390625, 304.21099853515625, 203.5428466796875, 76.34561157226562], 'conf': 0.7332891, 'label_id': 'keyboard', 'sub_labels': 'not_human', 'sub_labels_conf': 0.9980143308639526, 'id': 3}, {'box': [1030.927490234375, 244.81423950195312, 64.3687744140625, 46.22503662109375], 'conf': 0.5468778, 'label_id': 'cup', 'sub_labels': 'other', 'sub_labels_conf': 0.9993830919265747, 'id': 4}, {'box': [545.59912109375, 59.18914794921875, 206.91082763671875, 117.14776611328125], 'conf': 0.54799557, 'label_id': 'tv', 'sub_labels': 'other', 'sub_labels_conf': 0.57949298620224, 'id': 5}, {'box': [430.31011962890625, 313.7512512207031, 334.373779296875, 169.67063903808594], 'conf': 0.6886612, 'label_id': 'laptop', 'sub_labels': 'not_human', 'sub_labels_conf': 0.999998927116394, 'id': 6}, {'box': [754.9046630859375, 463.442138671875, 279.79595947265625, 323.4214782714844], 'conf': 0.2846815, 'label_id': 'backpack', 'sub_labels': 'other', 'sub_labels_conf': 0.9989954829216003, 'id': 8}]"
103,2024/5/22 Wednesday 0:0:59,"[{'box': [472.3011474609375, 194.55274963378906, 46.643768310546875, 90.05288696289062], 'conf': 0.8998149, 'label_id': 'cell phone', 'sub_labels': 'other', 'sub_labels_conf': 0.9557451605796814, 'id': 1}, {'box': [539.5503540039062, 328.2229919433594, 33.56591796875, 53.5347900390625], 'conf': 0.8205052, 'label_id': 'mouse', 'sub_labels': 'other', 'sub_labels_conf': 0.5230977535247803, 'id': 2}, {'box': [409.5536193847656, 304.21435546875, 203.47857666015625, 76.2978515625], 'conf': 0.7376541, 'label_id': 'keyboard', 'sub_labels': 'not_human', 'sub_labels_conf': 0.9980143308639526, 'id': 3}, {'box': [1030.923583984375, 244.78903198242188, 64.38433837890625, 46.21942138671875], 'conf': 0.5130554, 'label_id': 'cup', 'sub_labels': 'other', 'sub_labels_conf': 0.9993830919265747, 'id': 4}, {'box': [545.5338134765625, 59.1201057434082, 206.85052490234375, 116.99634552001953], 'conf': 0.5390796, 'label_id': 'tv', 'sub_labels': 'other', 'sub_labels_conf': 0.57949298620224, 'id': 5}, {'box': [430.221923828125, 313.782470703125, 334.354248046875, 169.78353881835938], 'conf': 0.6663383, 'label_id': 'laptop', 'sub_labels': 'not_human', 'sub_labels_conf': 0.999998927116394, 'id': 6}, {'box': [755.0716552734375, 468.7225341796875, 281.29791259765625, 316.371826171875], 'conf': 0.28748423, 'label_id': 'backpack', 'sub_labels': 'other', 'sub_labels_conf': 0.9995285272598267, 'id': 8}]"
104,2024/5/22 Wednesday 0:0:59,"[{'box': [472.3114929199219, 194.544677734375, 46.6473388671875, 90.06185913085938], 'conf': 0.90103203, 'label_id': 'cell phone', 'sub_labels': 'other', 'sub_labels_conf': 0.9557451605796814, 'id': 1}, {'box': [539.5570068359375, 328.2343444824219, 33.56317138671875, 53.56158447265625], 'conf': 0.80643034, 'label_id': 'mouse', 'sub_labels': 'other', 'sub_labels_conf': 0.5230977535247803, 'id': 2}, {'box': [409.7021484375, 304.16546630859375, 203.1722412109375, 76.34725952148438], 'conf': 0.7123142, 'label_id': 'keyboard', 'sub_labels': 'not_human', 'sub_labels_conf': 0.9980143308639526, 'id': 3}, {'box': [1030.9185791015625, 244.78378295898438, 64.3984375, 46.209716796875], 'conf': 0.5065508, 'label_id': 'cup', 'sub_labels': 'other', 'sub_labels_conf': 0.9993830919265747, 'id': 4}, {'box': [545.5623779296875, 59.256919860839844, 206.90740966796875, 117.22930908203125], 'conf': 0.54223704, 'label_id': 'tv', 'sub_labels': 'other', 'sub_labels_conf': 0.57949298620224, 'id': 5}, {'box': [430.15850830078125, 313.8146667480469, 334.6944580078125, 169.23814392089844], 'conf': 0.69146025, 'label_id': 'laptop', 'sub_labels': 'not_human', 'sub_labels_conf': 0.999998927116394, 'id': 6}, {'box': [754.6602172851562, 469.53753662109375, 280.7806396484375, 313.7420654296875], 'conf': 0.26938096, 'label_id': 'backpack', 'sub_labels': 'other', 'sub_labels_conf': 0.9994650483131409, 'id': 8}]"
105,2024/5/22 Wednesday 0:0:59,"[{'box': [472.2919921875, 194.56832885742188, 46.59759521484375, 90.02236938476562], 'conf': 0.89813906, 'label_id': 'cell phone', 'sub_labels': 'other', 'sub_labels_conf': 0.9557451605796814, 'id': 1}, {'box': [539.5537109375, 328.2459411621094, 33.53753662109375, 53.50494384765625], 'conf': 0.8143882, 'label_id': 'mouse', 'sub_labels': 'other', 'sub_labels_conf': 0.5230977535247803, 'id': 2}, {'box': [409.6026611328125, 304.19537353515625, 203.18923950195312, 76.352294921875], 'conf': 0.7247021, 'label_id': 'keyboard', 'sub_labels': 'not_human', 'sub_labels_conf': 0.9980143308639526, 'id': 3}, {'box': [1030.914306640625, 244.76473999023438, 64.40850830078125, 46.22068786621094], 'conf': 0.5233315, 'label_id': 'cup', 'sub_labels': 'other', 'sub_labels_conf': 0.9993830919265747, 'id': 4}, {'box': [545.6070556640625, 59.52235794067383, 206.92123413085938, 117.75688934326172], 'conf': 0.5605325, 'label_id': 'tv', 'sub_labels': 'other', 'sub_labels_conf': 0.57949298620224, 'id': 5}, {'box': [430.19415283203125, 313.94586181640625, 334.7547302246094, 169.65321350097656], 'conf': 0.6839858, 'label_id': 'laptop', 'sub_labels': 'not_human', 'sub_labels_conf': 0.999998927116394, 'id': 6}, {'box': [756.0897216796875, 476.28082275390625, 281.934814453125, 297.0340881347656], 'conf': 0.31686822, 'label_id': 'backpack', 'sub_labels': 'other', 'sub_labels_conf': 0.9991900324821472, 'id': 8}]"
106,2024/5/22 Wednesday 0:0:59,"[{'box': [472.28057861328125, 194.57249450683594, 46.571746826171875, 90.00381469726562], 'conf': 0.89848566, 'label_id': 'cell phone', 'sub_labels': 'other', 'sub_labels_conf': 0.9557451605796814, 'id': 1}, {'box': [539.5594482421875, 328.2525939941406, 33.54193115234375, 53.5130615234375], 'conf': 0.8105445, 'label_id': 'mouse', 'sub_labels': 'other', 'sub_labels_conf': 0.5230977535247803, 'id': 2}, {'box': [409.53009033203125, 304.18218994140625, 203.31704711914062, 76.33843994140625], 'conf': 0.7298031, 'label_id': 'keyboard', 'sub_labels': 'not_human', 'sub_labels_conf': 0.9980143308639526, 'id': 3}, {'box': [1030.91943359375, 244.75289916992188, 64.4100341796875, 46.24510192871094], 'conf': 0.505963, 'label_id': 'cup', 'sub_labels': 'other', 'sub_labels_conf': 0.9993830919265747, 'id': 4}, {'box': [545.5995483398438, 59.544864654541016, 206.9163818359375, 117.79503631591797], 'conf': 0.5516428, 'label_id': 'tv', 'sub_labels': 'other', 'sub_labels_conf': 0.57949298620224, 'id': 5}, {'box': [430.197509765625, 313.9715270996094, 334.5160217285156, 169.6760711669922], 'conf': 0.66873527, 'label_id': 'laptop', 'sub_labels': 'not_human', 'sub_labels_conf': 0.999998927116394, 'id': 6}, {'box': [756.1077880859375, 474.63177490234375, 282.546142578125, 301.6744384765625], 'conf': 0.28348604, 'label_id': 'backpack', 'sub_labels': 'other', 'sub_labels_conf': 0.9995983242988586, 'id': 8}]"
107,2024/5/22 Wednesday 0:0:59,"[{'box': [472.27325439453125, 194.57252502441406, 46.591339111328125, 90.00973510742188], 'conf': 0.8982433, 'label_id': 'cell phone', 'sub_labels': 'other', 'sub_labels_conf': 0.9557451605796814, 'id': 1}, {'box': [539.553466796875, 328.2759094238281, 33.55450439453125, 53.53619384765625], 'conf': 0.79807013, 'label_id': 'mouse', 'sub_labels': 'other', 'sub_labels_conf': 0.5230977535247803, 'id': 2}, {'box': [409.5086669921875, 304.17584228515625, 203.39447021484375, 76.34085083007812], 'conf': 0.7290737, 'label_id': 'keyboard', 'sub_labels': 'not_human', 'sub_labels_conf': 0.9980143308639526, 'id': 3}, {'box': [1030.917724609375, 244.73876953125, 64.41680908203125, 46.25920104980469], 'conf': 0.5241045, 'label_id': 'cup', 'sub_labels': 'other', 'sub_labels_conf': 0.9993830919265747, 'id': 4}, {'box': [545.5079345703125, 59.380184173583984, 206.78790283203125, 117.48697662353516], 'conf': 0.5577481, 'label_id': 'tv', 'sub_labels': 'other', 'sub_labels_conf': 0.57949298620224, 'id': 5}, {'box': [430.2335205078125, 314.037353515625, 334.388671875, 169.8656463623047], 'conf': 0.6690801, 'label_id': 'laptop', 'sub_labels': 'not_human', 'sub_labels_conf': 0.9999984502792358, 'id': 6}, {'box': [755.9618530273438, 474.2847595214844, 282.18701171875, 302.54388427734375], 'conf': 0.27969489, 'label_id': 'backpack', 'sub_labels': 'other', 'sub_labels_conf': 0.9993630051612854, 'id': 8}]"
108,2024/5/22 Wednesday 0:0:59,"[{'box': [472.28326416015625, 194.56060791015625, 46.637054443359375, 90.05851745605469], 'conf': 0.900864, 'label_id': 'cell phone', 'sub_labels': 'other', 'sub_labels_conf': 0.9557451605796814, 'id': 1}, {'box': [539.5548706054688, 328.2850341796875, 33.5751953125, 53.573394775390625], 'conf': 0.798309, 'label_id': 'mouse', 'sub_labels': 'other', 'sub_labels_conf': 0.5230977535247803, 'id': 2}, {'box': [409.5274658203125, 304.18096923828125, 203.4581298828125, 76.39431762695312], 'conf': 0.730905, 'label_id': 'keyboard', 'sub_labels': 'not_human', 'sub_labels_conf': 0.9980143308639526, 'id': 3}, {'box': [1030.91357421875, 244.7310333251953, 64.420654296875, 46.249481201171875], 'conf': 0.491285, 'label_id': 'cup', 'sub_labels': 'other', 'sub_labels_conf': 0.9993830919265747, 'id': 4}, {'box': [545.5211181640625, 59.36487579345703, 207.08346557617188, 117.47378540039062], 'conf': 0.5433824, 'label_id': 'tv', 'sub_labels': 'other', 'sub_labels_conf': 0.57949298620224, 'id': 5}, {'box': [430.188720703125, 314.2272033691406, 334.2157897949219, 169.58787536621094], 'conf': 0.69155574, 'label_id': 'laptop', 'sub_labels': 'not_human', 'sub_labels_conf': 0.9999984502792358, 'id': 6}, {'box': [756.263916015625, 476.10467529296875, 283.15277099609375, 297.4143371582031], 'conf': 0.47448552, 'label_id': 'backpack', 'sub_labels': 'other', 'sub_labels_conf': 0.998076319694519, 'id': 8}]"
109,2024/5/22 Wednesday 0:0:59,"[{'box': [472.2969665527344, 194.54710388183594, 46.664306640625, 90.09146118164062], 'conf': 0.90103424, 'label_id': 'cell phone', 'sub_labels': 'other', 'sub_labels_conf': 0.9557451605796814, 'id': 1}, {'box': [539.55078125, 328.275390625, 33.56341552734375, 53.563232421875], 'conf': 0.79918647, 'label_id': 'mouse', 'sub_labels': 'other', 'sub_labels_conf': 0.5230977535247803, 'id': 2}, {'box': [409.52825927734375, 304.15338134765625, 203.4732666015625, 76.421630859375], 'conf': 0.73100793, 'label_id': 'keyboard', 'sub_labels': 'not_human', 'sub_labels_conf': 0.9980143308639526, 'id': 3}, {'box': [1030.904296875, 244.7216796875, 64.4400634765625, 46.23551940917969], 'conf': 0.462162, 'label_id': 'cup', 'sub_labels': 'other', 'sub_labels_conf': 0.9993830919265747, 'id': 4}, {'box': [545.5526733398438, 59.55440139770508, 207.18307495117188, 117.87081146240234], 'conf': 0.53896487, 'label_id': 'tv', 'sub_labels': 'other', 'sub_labels_conf': 0.57949298620224, 'id': 5}, {'box': [430.2431335449219, 314.3992919921875, 334.09344482421875, 169.3308563232422], 'conf': 0.70927453, 'label_id': 'laptop', 'sub_labels': 'not_human', 'sub_labels_conf': 0.9999984502792358, 'id': 6}, {'box': [756.0235595703125, 477.87939453125, 284.05419921875, 293.5235595703125], 'conf': 0.39395696, 'label_id': 'backpack', 'sub_labels': 'other', 'sub_labels_conf': 0.9995576739311218, 'id': 8}]"
110,2024/5/22 Wednesday 0:0:59,"[{'box': [472.3001708984375, 194.541748046875, 46.634552001953125, 90.05448913574219], 'conf': 0.89985883, 'label_id': 'cell phone', 'sub_labels': 'other', 'sub_labels_conf': 0.9557451605796814, 'id': 1}, {'box': [539.553955078125, 328.2464294433594, 33.54412841796875, 53.5594482421875], 'conf': 0.8142422, 'label_id': 'mouse', 'sub_labels': 'other', 'sub_labels_conf': 0.5230977535247803, 'id': 2}, {'box': [409.5030517578125, 304.0950622558594, 203.52365112304688, 76.4010009765625], 'conf': 0.7355256, 'label_id': 'keyboard', 'sub_labels': 'not_human', 'sub_labels_conf': 0.9980143308639526, 'id': 3}, {'box': [1030.900146484375, 244.67752075195312, 64.475830078125, 46.22221374511719], 'conf': 0.4481096, 'label_id': 'cup', 'sub_labels': 'other', 'sub_labels_conf': 0.9993830919265747, 'id': 4}, {'box': [545.668212890625, 59.75883483886719, 207.38287353515625, 118.37345886230469], 'conf': 0.53953207, 'label_id': 'tv', 'sub_labels': 'other', 'sub_labels_conf': 0.4518721103668213, 'id': 5}, {'box': [430.32720947265625, 314.27386474609375, 334.1142578125, 169.10777282714844], 'conf': 0.73170483, 'label_id': 'laptop', 'sub_labels': 'not_human', 'sub_labels_conf': 0.9999984502792358, 'id': 6}, {'box': [755.4786987304688, 475.2883605957031, 283.64453125, 299.57635498046875], 'conf': 0.35156336, 'label_id': 'backpack', 'sub_labels': 'other', 'sub_labels_conf': 0.9990076422691345, 'id': 8}]"
111,2024/5/22 Wednesday 0:0:59,"[{'box': [472.2829895019531, 194.55772399902344, 46.56085205078125, 89.962646484375], 'conf': 0.8980631, 'label_id': 'cell phone', 'sub_labels': 'other', 'sub_labels_conf': 0.9588011503219604, 'id': 1}, {'box': [539.552734375, 328.19989013671875, 33.5347900390625, 53.504058837890625], 'conf': 0.82959, 'label_id': 'mouse', 'sub_labels': 'other', 'sub_labels_conf': 0.5230977535247803, 'id': 2}, {'box': [409.4383850097656, 304.1226806640625, 203.59698486328125, 76.29327392578125], 'conf': 0.74657714, 'label_id': 'keyboard', 'sub_labels': 'not_human', 'sub_labels_conf': 0.9980143308639526, 'id': 3}, {'box': [1030.897216796875, 244.668701171875, 64.5015869140625, 46.23686218261719], 'conf': 0.44148868, 'label_id': 'cup', 'sub_labels': 'other', 'sub_labels_conf': 0.9993830919265747, 'id': 4}, {'box': [545.5657348632812, 59.54465103149414, 207.01119995117188, 117.94306182861328], 'conf': 0.5647995, 'label_id': 'tv', 'sub_labels': 'other', 'sub_labels_conf': 0.57949298620224, 'id': 5}, {'box': [430.354736328125, 314.0606994628906, 333.9861755371094, 169.76605224609375], 'conf': 0.6879251, 'label_id': 'laptop', 'sub_labels': 'not_human', 'sub_labels_conf': 0.9999982118606567, 'id': 6}, {'box': [755.80517578125, 483.5216979980469, 288.99053955078125, 331.40118408203125], 'conf': 0.2837777, 'label_id': 'backpack', 'sub_labels': 'other', 'sub_labels_conf': 0.9996981620788574, 'id': 8}]"
112,2024/5/22 Wednesday 0:0:59,"[{'box': [472.28515625, 194.53842163085938, 46.5726318359375, 89.97254943847656], 'conf': 0.8994461, 'label_id': 'cell phone', 'sub_labels': 'other', 'sub_labels_conf': 0.9588011503219604, 'id': 1}, {'box': [539.5487060546875, 328.1783142089844, 33.55120849609375, 53.523193359375], 'conf': 0.8316118, 'label_id': 'mouse', 'sub_labels': 'other', 'sub_labels_conf': 0.5230977535247803, 'id': 2}, {'box': [409.4021301269531, 304.11749267578125, 203.68865966796875, 76.22119140625], 'conf': 0.7516256, 'label_id': 'keyboard', 'sub_labels': 'not_human', 'sub_labels_conf': 0.9980143308639526, 'id': 3}, {'box': [1030.8262939453125, 244.79751586914062, 64.68829345703125, 46.13734436035156], 'conf': 0.3964512, 'label_id': 'cup', 'sub_labels': 'other', 'sub_labels_conf': 0.9993830919265747, 'id': 4}, {'box': [545.490966796875, 59.34866714477539, 206.96759033203125, 117.59717559814453], 'conf': 0.54938096, 'label_id': 'tv', 'sub_labels': 'other', 'sub_labels_conf': 0.57949298620224, 'id': 5}, {'box': [430.3707580566406, 313.9244384765625, 333.86968994140625, 169.9340362548828], 'conf': 0.68954813, 'label_id': 'laptop', 'sub_labels': 'not_human', 'sub_labels_conf': 0.999998927116394, 'id': 6}, {'box': [756.1792602539062, 477.60711669921875, 292.1463623046875, 356.7121887207031], 'conf': 0.24729241, 'label_id': 'backpack', 'sub_labels': 'other', 'sub_labels_conf': 0.9991235136985779, 'id': 8}]"
113,2024/5/22 Wednesday 0:0:59,"[{'box': [472.2957458496094, 194.51124572753906, 46.61346435546875, 90.02056884765625], 'conf': 0.90118253, 'label_id': 'cell phone', 'sub_labels': 'other', 'sub_labels_conf': 0.9557451605796814, 'id': 1}, {'box': [539.545654296875, 328.17559814453125, 33.5743408203125, 53.558013916015625], 'conf': 0.8213962, 'label_id': 'mouse', 'sub_labels': 'other', 'sub_labels_conf': 0.5230977535247803, 'id': 2}, {'box': [409.4425048828125, 304.1248779296875, 203.64102172851562, 76.178466796875], 'conf': 0.744598, 'label_id': 'keyboard', 'sub_labels': 'not_human', 'sub_labels_conf': 0.9980143308639526, 'id': 3}, {'box': [1030.78759765625, 244.8205108642578, 64.78363037109375, 46.129791259765625], 'conf': 0.369848, 'label_id': 'cup', 'sub_labels': 'other', 'sub_labels_conf': 0.9993830919265747, 'id': 4}, {'box': [545.5582275390625, 59.35576248168945, 207.1217041015625, 117.6189193725586], 'conf': 0.54214334, 'label_id': 'tv', 'sub_labels': 'other', 'sub_labels_conf': 0.57949298620224, 'id': 5}, {'box': [430.3135681152344, 313.8027648925781, 334.05413818359375, 169.83567810058594], 'conf': 0.7287762, 'label_id': 'laptop', 'sub_labels': 'not_human', 'sub_labels_conf': 0.999998927116394, 'id': 6}, {'box': [756.1627807617188, 474.61627197265625, 293.2877197265625, 371.6539001464844], 'conf': 0.20155904, 'label_id': 'backpack', 'sub_labels': 'other', 'sub_labels_conf': 0.9991416931152344, 'id': 8}]"
114,2024/5/22 Wednesday 0:0:59,"[{'box': [472.28900146484375, 194.51055908203125, 46.608673095703125, 90.01460266113281], 'conf': 0.9003021, 'label_id': 'cell phone', 'sub_labels': 'other', 'sub_labels_conf': 0.9557451605796814, 'id': 1}, {'box': [539.53369140625, 328.16705322265625, 33.57086181640625, 53.5474853515625], 'conf': 0.82063115, 'label_id': 'mouse', 'sub_labels': 'other', 'sub_labels_conf': 0.5230977535247803, 'id': 2}, {'box': [409.53399658203125, 304.13604736328125, 203.4259033203125, 76.19534301757812], 'conf': 0.7314315, 'label_id': 'keyboard', 'sub_labels': 'not_human', 'sub_labels_conf': 0.9980143308639526, 'id': 3}, {'box': [1030.75146484375, 244.82962036132812, 64.83203125, 46.14778137207031], 'conf': 0.35134548, 'label_id': 'cup', 'sub_labels': 'other', 'sub_labels_conf': 0.9993830919265747, 'id': 4}, {'box': [545.6526489257812, 59.38770294189453, 207.22543334960938, 117.6553955078125], 'conf': 0.55024916, 'label_id': 'tv', 'sub_labels': 'other', 'sub_labels_conf': 0.57949298620224, 'id': 5}, {'box': [430.23223876953125, 313.775634765625, 334.4908752441406, 169.5399169921875], 'conf': 0.72632533, 'label_id': 'laptop', 'sub_labels': 'not_human', 'sub_labels_conf': 0.999998927116394, 'id': 6}, {'box': [755.703369140625, 476.96160888671875, 293.52728271484375, 373.3035888671875], 'conf': 0.18877164, 'label_id': 'backpack', 'sub_labels': 'other', 'sub_labels_conf': 0.9985058307647705, 'id': 8}]"
115,2024/5/22 Wednesday 0:0:59,"[{'box': [472.29620361328125, 194.52243041992188, 46.605560302734375, 90.01701354980469], 'conf': 0.9002594, 'label_id': 'cell phone', 'sub_labels': 'other', 'sub_labels_conf': 0.9557451605796814, 'id': 1}, {'box': [539.544189453125, 328.17822265625, 33.56402587890625, 53.553619384765625], 'conf': 0.80601966, 'label_id': 'mouse', 'sub_labels': 'other', 'sub_labels_conf': 0.5230977535247803, 'id': 2}, {'box': [409.67510986328125, 304.15155029296875, 203.13992309570312, 76.22137451171875], 'conf': 0.71179116, 'label_id': 'keyboard', 'sub_labels': 'not_human', 'sub_labels_conf': 0.9980143308639526, 'id': 3}, {'box': [1030.755126953125, 244.82688903808594, 64.85333251953125, 46.155548095703125], 'conf': 0.35981172, 'label_id': 'cup', 'sub_labels': 'other', 'sub_labels_conf': 0.9993830919265747, 'id': 4}, {'box': [545.666748046875, 59.38710403442383, 207.19781494140625, 117.62059783935547], 'conf': 0.54764897, 'label_id': 'tv', 'sub_labels': 'other', 'sub_labels_conf': 0.57949298620224, 'id': 5}, {'box': [430.1465148925781, 313.542236328125, 334.96270751953125, 169.5972442626953], 'conf': 0.72268987, 'label_id': 'laptop', 'sub_labels': 'not_human', 'sub_labels_conf': 0.999998927116394, 'id': 6}, {'box': [755.28369140625, 480.4981689453125, 294.8228759765625, 364.6627502441406], 'conf': 0.26061958, 'label_id': 'backpack', 'sub_labels': 'other', 'sub_labels_conf': 0.9974601864814758, 'id': 8}]"
116,2024/5/22 Wednesday 0:0:59,"[{'box': [472.30279541015625, 194.5299072265625, 46.597503662109375, 90.00065612792969], 'conf': 0.8989871, 'label_id': 'cell phone', 'sub_labels': 'other', 'sub_labels_conf': 0.9557451605796814, 'id': 1}, {'box': [539.5465087890625, 328.18304443359375, 33.56207275390625, 53.542144775390625], 'conf': 0.80107915, 'label_id': 'mouse', 'sub_labels': 'other', 'sub_labels_conf': 0.5230977535247803, 'id': 2}, {'box': [409.7040100097656, 304.13189697265625, 203.12493896484375, 76.3309326171875], 'conf': 0.7100018, 'label_id': 'keyboard', 'sub_labels': 'not_human', 'sub_labels_conf': 0.9980143308639526, 'id': 3}, {'box': [1030.76611328125, 244.84280395507812, 64.831298828125, 46.15446472167969], 'conf': 0.37648937, 'label_id': 'cup', 'sub_labels': 'other', 'sub_labels_conf': 0.9993830919265747, 'id': 4}, {'box': [545.772705078125, 59.486297607421875, 207.2877197265625, 117.83665466308594], 'conf': 0.55462044, 'label_id': 'tv', 'sub_labels': 'other', 'sub_labels_conf': 0.57949298620224, 'id': 5}, {'box': [430.20654296875, 313.5706787109375, 335.0491027832031, 169.5721893310547], 'conf': 0.7044628, 'label_id': 'laptop', 'sub_labels': 'not_human', 'sub_labels_conf': 0.999998927116394, 'id': 6}, {'box': [752.6328125, 483.63226318359375, 295.17840576171875, 364.7173767089844], 'conf': 0.31197378, 'label_id': 'backpack', 'sub_labels': 'other', 'sub_labels_conf': 0.9987426400184631, 'id': 8}]"
117,2024/5/22 Wednesday 0:0:59,"[{'box': [472.3001403808594, 194.553466796875, 46.58056640625, 89.96826171875], 'conf': 0.89681447, 'label_id': 'cell phone', 'sub_labels': 'other', 'sub_labels_conf': 0.9588011503219604, 'id': 1}, {'box': [539.5560302734375, 328.1958312988281, 33.56787109375, 53.56396484375], 'conf': 0.8100094, 'label_id': 'mouse', 'sub_labels': 'other', 'sub_labels_conf': 0.5230977535247803, 'id': 2}, {'box': [409.7089538574219, 304.0978088378906, 203.21392822265625, 76.44720458984375], 'conf': 0.7112116, 'label_id': 'keyboard', 'sub_labels': 'not_human', 'sub_labels_conf': 0.9980143308639526, 'id': 3}, {'box': [1030.781005859375, 244.85015869140625, 64.82000732421875, 46.15882873535156], 'conf': 0.3716122, 'label_id': 'cup', 'sub_labels': 'other', 'sub_labels_conf': 0.9993830919265747, 'id': 4}, {'box': [545.7747802734375, 59.514766693115234, 207.38034057617188, 117.89554595947266], 'conf': 0.5460175, 'label_id': 'tv', 'sub_labels': 'other', 'sub_labels_conf': 0.57949298620224, 'id': 5}, {'box': [430.1747131347656, 313.6373291015625, 334.99322509765625, 169.45361328125], 'conf': 0.6733792, 'label_id': 'laptop', 'sub_labels': 'not_human', 'sub_labels_conf': 0.999998927116394, 'id': 6}, {'box': [751.3323974609375, 482.5330505371094, 298.95086669921875, 363.55035400390625], 'conf': 0.22130938, 'label_id': 'backpack', 'sub_labels': 'other', 'sub_labels_conf': 0.9995836615562439, 'id': 8}]"
118,2024/5/22 Wednesday 0:0:59,"[{'box': [472.2992248535156, 194.5523681640625, 46.58148193359375, 89.96131896972656], 'conf': 0.89765054, 'label_id': 'cell phone', 'sub_labels': 'other', 'sub_labels_conf': 0.9588011503219604, 'id': 1}, {'box': [539.5643310546875, 328.184326171875, 33.55731201171875, 53.54400634765625], 'conf': 0.81778294, 'label_id': 'mouse', 'sub_labels': 'other', 'sub_labels_conf': 0.5230977535247803, 'id': 2}, {'box': [409.7209777832031, 304.11767578125, 203.20751953125, 76.45040893554688], 'conf': 0.70884615, 'label_id': 'keyboard', 'sub_labels': 'not_human', 'sub_labels_conf': 0.9980143308639526, 'id': 3}, {'box': [1030.77197265625, 244.82159423828125, 64.8568115234375, 46.17738342285156], 'conf': 0.34325448, 'label_id': 'cup', 'sub_labels': 'other', 'sub_labels_conf': 0.9993830919265747, 'id': 4}, {'box': [545.7496337890625, 59.5176887512207, 207.392822265625, 117.9111099243164], 'conf': 0.5412748, 'label_id': 'tv', 'sub_labels': 'other', 'sub_labels_conf': 0.57949298620224, 'id': 5}, {'box': [430.1230163574219, 313.41156005859375, 335.28814697265625, 169.16903686523438], 'conf': 0.6874648, 'label_id': 'laptop', 'sub_labels': 'not_human', 'sub_labels_conf': 0.999998927116394, 'id': 6}, {'box': [749.6035766601562, 474.3096618652344, 296.198486328125, 326.85906982421875], 'conf': 0.27698374, 'label_id': 'backpack', 'sub_labels': 'other', 'sub_labels_conf': 0.9975883960723877, 'id': 8}]"
119,2024/5/22 Wednesday 0:0:59,"[{'box': [472.29364013671875, 194.54940795898438, 46.564483642578125, 89.96253967285156], 'conf': 0.89802223, 'label_id': 'cell phone', 'sub_labels': 'other', 'sub_labels_conf': 0.9588011503219604, 'id': 1}, {'box': [539.5665893554688, 328.17315673828125, 33.542724609375, 53.54595947265625], 'conf': 0.80662656, 'label_id': 'mouse', 'sub_labels': 'other', 'sub_labels_conf': 0.5230977535247803, 'id': 2}, {'box': [409.70953369140625, 304.18377685546875, 203.27786254882812, 76.33560180664062], 'conf': 0.70921403, 'label_id': 'keyboard', 'sub_labels': 'not_human', 'sub_labels_conf': 0.9980143308639526, 'id': 3}, {'box': [1030.9320068359375, 244.919189453125, 64.52001953125, 45.78517150878906], 'conf': 0.3351993, 'label_id': 'cup', 'sub_labels': 'other', 'sub_labels_conf': 0.9997075200080872, 'id': 4}, {'box': [545.6917724609375, 59.315643310546875, 207.22653198242188, 117.49598693847656], 'conf': 0.55927837, 'label_id': 'tv', 'sub_labels': 'other', 'sub_labels_conf': 0.57949298620224, 'id': 5}, {'box': [430.12109375, 313.2916564941406, 334.9803466796875, 169.0536346435547], 'conf': 0.69449335, 'label_id': 'laptop', 'sub_labels': 'not_human', 'sub_labels_conf': 0.999998927116394, 'id': 6}, {'box': [749.830810546875, 481.67022705078125, 300.853515625, 345.7120666503906], 'conf': 0.18332087, 'label_id': 'backpack', 'sub_labels': 'other', 'sub_labels_conf': 0.9980940222740173, 'id': 8}]"
120,2024/5/22 Wednesday 0:0:59,"[{'box': [472.300537109375, 194.548095703125, 46.565216064453125, 89.95356750488281], 'conf': 0.89922583, 'label_id': 'cell phone', 'sub_labels': 'other', 'sub_labels_conf': 0.9588011503219604, 'id': 1}, {'box': [539.5660400390625, 328.14825439453125, 33.54815673828125, 53.5302734375], 'conf': 0.8054826, 'label_id': 'mouse', 'sub_labels': 'other', 'sub_labels_conf': 0.5230977535247803, 'id': 2}, {'box': [409.739501953125, 304.19390869140625, 203.22073364257812, 76.28536987304688], 'conf': 0.70213175, 'label_id': 'keyboard', 'sub_labels': 'not_human', 'sub_labels_conf': 0.9980143308639526, 'id': 3}, {'box': [1030.998779296875, 244.96026611328125, 64.373779296875, 45.64567565917969], 'conf': 0.34167254, 'label_id': 'cup', 'sub_labels': 'other', 'sub_labels_conf': 0.9997075200080872, 'id': 4}, {'box': [545.6490478515625, 59.17994689941406, 207.02349853515625, 117.17108154296875], 'conf': 0.55486804, 'label_id': 'tv', 'sub_labels': 'other', 'sub_labels_conf': 0.57949298620224, 'id': 5}, {'box': [430.0367126464844, 313.31707763671875, 335.18450927734375, 168.85093688964844], 'conf': 0.69113195, 'label_id': 'laptop', 'sub_labels': 'not_human', 'sub_labels_conf': 0.999998927116394, 'id': 6}, {'box': [749.7597045898438, 484.7294921875, 302.66015625, 350.1705322265625], 'conf': 0.29396945, 'label_id': 'backpack', 'sub_labels': 'other', 'sub_labels_conf': 0.9991844296455383, 'id': 8}]"
121,2024/5/22 Wednesday 0:0:59,"[{'box': [472.31280517578125, 194.55677795410156, 46.560882568359375, 89.92645263671875], 'conf': 0.9000838, 'label_id': 'cell phone', 'sub_labels': 'other', 'sub_labels_conf': 0.9588011503219604, 'id': 1}, {'box': [539.5762939453125, 328.1480712890625, 33.54827880859375, 53.529571533203125], 'conf': 0.8056753, 'label_id': 'mouse', 'sub_labels': 'other', 'sub_labels_conf': 0.5230977535247803, 'id': 2}, {'box': [409.75372314453125, 304.2030029296875, 203.21536254882812, 76.27432250976562], 'conf': 0.70714945, 'label_id': 'keyboard', 'sub_labels': 'not_human', 'sub_labels_conf': 0.9980143308639526, 'id': 3}, {'box': [1031.01904296875, 244.98248291015625, 64.29736328125, 45.59571838378906], 'conf': 0.35596532, 'label_id': 'cup', 'sub_labels': 'other', 'sub_labels_conf': 0.9994059801101685, 'id': 4}, {'box': [545.6344604492188, 59.14910125732422, 206.95547485351562, 117.05874633789062], 'conf': 0.55829316, 'label_id': 'tv', 'sub_labels': 'other', 'sub_labels_conf': 0.57949298620224, 'id': 5}, {'box': [430.09783935546875, 313.34442138671875, 335.2452392578125, 168.6840057373047], 'conf': 0.680989, 'label_id': 'laptop', 'sub_labels': 'not_human', 'sub_labels_conf': 0.999998927116394, 'id': 6}, {'box': [748.6112670898438, 474.90777587890625, 297.29052734375, 319.8301086425781], 'conf': 0.25913748, 'label_id': 'backpack', 'sub_labels': 'other', 'sub_labels_conf': 0.9986972212791443, 'id': 8}]"
122,2024/5/22 Wednesday 0:0:59,"[{'box': [472.30194091796875, 194.57119750976562, 46.549102783203125, 89.89317321777344], 'conf': 0.8991862, 'label_id': 'cell phone', 'sub_labels': 'other', 'sub_labels_conf': 0.9588011503219604, 'id': 1}, {'box': [539.5745239257812, 328.13946533203125, 33.556640625, 53.506561279296875], 'conf': 0.8293134, 'label_id': 'mouse', 'sub_labels': 'other', 'sub_labels_conf': 0.5230977535247803, 'id': 2}, {'box': [409.6987609863281, 304.2505798339844, 203.35223388671875, 76.214599609375], 'conf': 0.7194858, 'label_id': 'keyboard', 'sub_labels': 'not_human', 'sub_labels_conf': 0.9980143308639526, 'id': 3}, {'box': [1030.847900390625, 244.8741912841797, 64.6192626953125, 45.928863525390625], 'conf': 0.3628563, 'label_id': 'cup', 'sub_labels': 'other', 'sub_labels_conf': 0.9997075200080872, 'id': 4}, {'box': [545.6770629882812, 59.27104568481445, 207.0614013671875, 117.31122589111328], 'conf': 0.565038, 'label_id': 'tv', 'sub_labels': 'other', 'sub_labels_conf': 0.57949298620224, 'id': 5}, {'box': [430.18896484375, 313.3538513183594, 335.1485900878906, 169.13758850097656], 'conf': 0.66291076, 'label_id': 'laptop', 'sub_labels': 'not_human', 'sub_labels_conf': 0.999998927116394, 'id': 6}, {'box': [747.5335693359375, 471.6245422363281, 292.03082275390625, 308.13043212890625], 'conf': 0.17000811, 'label_id': 'backpack', 'sub_labels': 'other', 'sub_labels_conf': 0.9960864782333374, 'id': 8}]"
123,2024/5/22 Wednesday 0:0:59,"[{'box': [472.2841796875, 194.58506774902344, 46.517303466796875, 89.8394775390625], 'conf': 0.8963919, 'label_id': 'cell phone', 'sub_labels': 'other', 'sub_labels_conf': 0.9588011503219604, 'id': 1}, {'box': [539.5689697265625, 328.1242980957031, 33.57470703125, 53.50830078125], 'conf': 0.825314, 'label_id': 'mouse', 'sub_labels': 'other', 'sub_labels_conf': 0.5230977535247803, 'id': 2}, {'box': [409.675537109375, 304.255615234375, 203.38894653320312, 76.21737670898438], 'conf': 0.7230029, 'label_id': 'keyboard', 'sub_labels': 'not_human', 'sub_labels_conf': 0.9980143308639526, 'id': 3}, {'box': [1030.81005859375, 244.8406524658203, 64.6998291015625, 46.046722412109375], 'conf': 0.37930423, 'label_id': 'cup', 'sub_labels': 'other', 'sub_labels_conf': 0.9993830919265747, 'id': 4}, {'box': [545.6495971679688, 59.236915588378906, 207.0379638671875, 117.26513671875], 'conf': 0.5753679, 'label_id': 'tv', 'sub_labels': 'other', 'sub_labels_conf': 0.57949298620224, 'id': 5}, {'box': [430.197998046875, 313.30438232421875, 334.9200439453125, 169.44143676757812], 'conf': 0.67585695, 'label_id': 'laptop', 'sub_labels': 'not_human', 'sub_labels_conf': 0.999998927116394, 'id': 6}, {'box': [747.9992065429688, 477.7476806640625, 292.563720703125, 338.6288757324219], 'conf': 0.23123637, 'label_id': 'backpack', 'sub_labels': 'other', 'sub_labels_conf': 0.9989832043647766, 'id': 8}]"
124,2024/5/22 Wednesday 0:0:59,"[{'box': [472.2673645019531, 194.57498168945312, 46.51507568359375, 89.85299682617188], 'conf': 0.89609, 'label_id': 'cell phone', 'sub_labels': 'other', 'sub_labels_conf': 0.9588011503219604, 'id': 1}, {'box': [539.558349609375, 328.1246337890625, 33.59332275390625, 53.534149169921875], 'conf': 0.82163996, 'label_id': 'mouse', 'sub_labels': 'other', 'sub_labels_conf': 0.5230977535247803, 'id': 2}, {'box': [409.6448974609375, 304.2423095703125, 203.41055297851562, 76.2459716796875], 'conf': 0.7211171, 'label_id': 'keyboard', 'sub_labels': 'not_human', 'sub_labels_conf': 0.9980143308639526, 'id': 3}, {'box': [1030.7928466796875, 244.8314666748047, 64.75311279296875, 46.116790771484375], 'conf': 0.3575339, 'label_id': 'cup', 'sub_labels': 'other', 'sub_labels_conf': 0.9993830919265747, 'id': 4}, {'box': [545.6669311523438, 59.170570373535156, 207.14004516601562, 117.18928527832031], 'conf': 0.55774295, 'label_id': 'tv', 'sub_labels': 'other', 'sub_labels_conf': 0.57949298620224, 'id': 5}, {'box': [430.2088317871094, 313.400634765625, 334.56878662109375, 169.4906005859375], 'conf': 0.6927392, 'label_id': 'laptop', 'sub_labels': 'not_human', 'sub_labels_conf': 0.999998927116394, 'id': 6}, {'box': [748.2109985351562, 480.73419189453125, 288.633544921875, 351.4130859375], 'conf': 0.24774805, 'label_id': 'backpack', 'sub_labels': 'other', 'sub_labels_conf': 0.9990962743759155, 'id': 8}]"
125,2024/5/22 Wednesday 0:1:0,"[{'box': [472.2332763671875, 194.5914306640625, 46.48089599609375, 89.83531188964844], 'conf': 0.8960881, 'label_id': 'cell phone', 'sub_labels': 'other', 'sub_labels_conf': 0.9588011503219604, 'id': 1}, {'box': [539.536376953125, 328.1431884765625, 33.595458984375, 53.527557373046875], 'conf': 0.82436556, 'label_id': 'mouse', 'sub_labels': 'other', 'sub_labels_conf': 0.5230977535247803, 'id': 2}, {'box': [409.63128662109375, 304.2340087890625, 203.32992553710938, 76.26443481445312], 'conf': 0.7188688, 'label_id': 'keyboard', 'sub_labels': 'not_human', 'sub_labels_conf': 0.9980143308639526, 'id': 3}, {'box': [1030.792724609375, 244.8470458984375, 64.74951171875, 46.12519836425781], 'conf': 0.37683558, 'label_id': 'cup', 'sub_labels': 'other', 'sub_labels_conf': 0.9993830919265747, 'id': 4}, {'box': [545.6690673828125, 59.33857345581055, 207.16885375976562, 117.53557586669922], 'conf': 0.57374054, 'label_id': 'tv', 'sub_labels': 'other', 'sub_labels_conf': 0.57949298620224, 'id': 5}, {'box': [430.2237548828125, 313.5659484863281, 334.2315979003906, 169.3024444580078], 'conf': 0.73296124, 'label_id': 'laptop', 'sub_labels': 'not_human', 'sub_labels_conf': 0.999998927116394, 'id': 6}, {'box': [747.4043579101562, 483.85247802734375, 283.6326904296875, 352.4468078613281], 'conf': 0.32564536, 'label_id': 'backpack', 'sub_labels': 'other', 'sub_labels_conf': 0.9990867376327515, 'id': 8}]"
126,2024/5/22 Wednesday 0:1:0,"[{'box': [472.2319641113281, 194.5906982421875, 46.46649169921875, 89.8292236328125], 'conf': 0.89459294, 'label_id': 'cell phone', 'sub_labels': 'other', 'sub_labels_conf': 0.9588011503219604, 'id': 1}, {'box': [539.5469360351562, 328.15240478515625, 33.5882568359375, 53.548736572265625], 'conf': 0.8172939, 'label_id': 'mouse', 'sub_labels': 'other', 'sub_labels_conf': 0.5230977535247803, 'id': 2}, {'box': [409.6297607421875, 304.2291259765625, 203.2840576171875, 76.18350219726562], 'conf': 0.72014725, 'label_id': 'keyboard', 'sub_labels': 'not_human', 'sub_labels_conf': 0.9980143308639526, 'id': 3}, {'box': [1030.793701171875, 244.82998657226562, 64.7615966796875, 46.15272521972656], 'conf': 0.39118084, 'label_id': 'cup', 'sub_labels': 'other', 'sub_labels_conf': 0.9993830919265747, 'id': 4}, {'box': [545.6063232421875, 59.24833297729492, 206.90264892578125, 117.33953094482422], 'conf': 0.5694595, 'label_id': 'tv', 'sub_labels': 'other', 'sub_labels_conf': 0.57949298620224, 'id': 5}, {'box': [430.203369140625, 313.54998779296875, 334.1148986816406, 169.5827178955078], 'conf': 0.67688745, 'label_id': 'laptop', 'sub_labels': 'not_human', 'sub_labels_conf': 0.999998927116394, 'id': 6}, {'box': [746.906494140625, 488.5718994140625, 280.05706787109375, 352.7772216796875], 'conf': 0.20087416, 'label_id': 'backpack', 'sub_labels': 'other', 'sub_labels_conf': 0.9995667338371277, 'id': 8}]"
127,2024/5/22 Wednesday 0:1:0,"[{'box': [472.25030517578125, 194.5755615234375, 46.483001708984375, 89.84590148925781], 'conf': 0.8959133, 'label_id': 'cell phone', 'sub_labels': 'other', 'sub_labels_conf': 0.9588011503219604, 'id': 1}, {'box': [539.5565185546875, 328.1408996582031, 33.58551025390625, 53.57244873046875], 'conf': 0.8101907, 'label_id': 'mouse', 'sub_labels': 'other', 'sub_labels_conf': 0.5230977535247803, 'id': 2}, {'box': [409.6585693359375, 304.17840576171875, 203.24688720703125, 76.17269897460938], 'conf': 0.7191465, 'label_id': 'keyboard', 'sub_labels': 'not_human', 'sub_labels_conf': 0.9980143308639526, 'id': 3}, {'box': [1030.857421875, 244.67913818359375, 64.59234619140625, 46.26507568359375], 'conf': 0.40079337, 'label_id': 'cup', 'sub_labels': 'other', 'sub_labels_conf': 0.9993830919265747, 'id': 4}, {'box': [545.55322265625, 59.00944900512695, 206.68972778320312, 116.8434066772461], 'conf': 0.57021856, 'label_id': 'tv', 'sub_labels': 'other', 'sub_labels_conf': 0.57949298620224, 'id': 5}, {'box': [430.18682861328125, 313.576416015625, 334.2296142578125, 169.59388732910156], 'conf': 0.6936919, 'label_id': 'laptop', 'sub_labels': 'not_human', 'sub_labels_conf': 0.999998927116394, 'id': 6}, {'box': [746.4520263671875, 489.15234375, 277.35980224609375, 354.4997253417969], 'conf': 0.1159669, 'label_id': 'backpack', 'sub_labels': 'other', 'sub_labels_conf': 0.9996405839920044, 'id': 8}]"
128,2024/5/22 Wednesday 0:1:0,"[{'box': [472.2571716308594, 194.5703125, 46.49261474609375, 89.86843872070312], 'conf': 0.8962383, 'label_id': 'cell phone', 'sub_labels': 'other', 'sub_labels_conf': 0.9588011503219604, 'id': 1}, {'box': [539.5592041015625, 328.15045166015625, 33.59429931640625, 53.582427978515625], 'conf': 0.81366104, 'label_id': 'mouse', 'sub_labels': 'other', 'sub_labels_conf': 0.5230977535247803, 'id': 2}, {'box': [409.686767578125, 304.1408386230469, 203.17465209960938, 76.178466796875], 'conf': 0.7171212, 'label_id': 'keyboard', 'sub_labels': 'not_human', 'sub_labels_conf': 0.9980143308639526, 'id': 3}, {'box': [1030.8812255859375, 244.62643432617188, 64.51947021484375, 46.30235290527344], 'conf': 0.41646063, 'label_id': 'cup', 'sub_labels': 'other', 'sub_labels_conf': 0.9993830919265747, 'id': 4}, {'box': [545.5781860351562, 59.09124755859375, 206.75631713867188, 117.00436401367188], 'conf': 0.56885755, 'label_id': 'tv', 'sub_labels': 'other', 'sub_labels_conf': 0.57949298620224, 'id': 5}, {'box': [430.1083679199219, 313.5786437988281, 334.41949462890625, 169.6890106201172], 'conf': 0.70407706, 'label_id': 'laptop', 'sub_labels': 'not_human', 'sub_labels_conf': 0.999998927116394, 'id': 6}, {'box': [745.7581787109375, 489.76910400390625, 275.09967041015625, 356.6997375488281], 'conf': 0.21315469, 'label_id': 'backpack', 'sub_labels': 'other', 'sub_labels_conf': 0.9996694326400757, 'id': 8}]"
129,2024/5/22 Wednesday 0:1:0,"[{'box': [472.27471923828125, 194.565185546875, 46.525543212890625, 89.89239501953125], 'conf': 0.89846784, 'label_id': 'cell phone', 'sub_labels': 'other', 'sub_labels_conf': 0.9588011503219604, 'id': 1}, {'box': [539.5550537109375, 328.15625, 33.59490966796875, 53.574493408203125], 'conf': 0.8099504, 'label_id': 'mouse', 'sub_labels': 'other', 'sub_labels_conf': 0.5230977535247803, 'id': 2}, {'box': [409.72076416015625, 304.1394348144531, 203.11358642578125, 76.2320556640625], 'conf': 0.7173001, 'label_id': 'keyboard', 'sub_labels': 'not_human', 'sub_labels_conf': 0.9980143308639526, 'id': 3}, {'box': [1030.89111328125, 244.63555908203125, 64.4873046875, 46.306884765625], 'conf': 0.43988258, 'label_id': 'cup', 'sub_labels': 'other', 'sub_labels_conf': 0.9993830919265747, 'id': 4}, {'box': [545.59912109375, 59.2307243347168, 206.82028198242188, 117.29505157470703], 'conf': 0.57073104, 'label_id': 'tv', 'sub_labels': 'other', 'sub_labels_conf': 0.57949298620224, 'id': 5}, {'box': [430.0247802734375, 313.511962890625, 334.7187194824219, 169.63482666015625], 'conf': 0.72089493, 'label_id': 'laptop', 'sub_labels': 'not_human', 'sub_labels_conf': 0.999998927116394, 'id': 6}, {'box': [745.860107421875, 489.51910400390625, 274.1595458984375, 354.880126953125], 'conf': 0.18427624, 'label_id': 'backpack', 'sub_labels': 'other', 'sub_labels_conf': 0.9997259974479675, 'id': 8}]"
130,2024/5/22 Wednesday 0:1:0,"[{'box': [472.3064880371094, 194.57647705078125, 46.53765869140625, 89.87733459472656], 'conf': 0.89833874, 'label_id': 'cell phone', 'sub_labels': 'other', 'sub_labels_conf': 0.9588011503219604, 'id': 1}, {'box': [539.574462890625, 328.15594482421875, 33.61395263671875, 53.6064453125], 'conf': 0.8153136, 'label_id': 'mouse', 'sub_labels': 'other', 'sub_labels_conf': 0.5230977535247803, 'id': 2}, {'box': [409.7960510253906, 304.12322998046875, 203.0489501953125, 76.33090209960938], 'conf': 0.7155631, 'label_id': 'keyboard', 'sub_labels': 'not_human', 'sub_labels_conf': 0.9979625940322876, 'id': 3}, {'box': [1030.9146728515625, 244.65115356445312, 64.46917724609375, 46.29072570800781], 'conf': 0.44857776, 'label_id': 'cup', 'sub_labels': 'other', 'sub_labels_conf': 0.9993830919265747, 'id': 4}, {'box': [545.64111328125, 59.26905822753906, 206.81781005859375, 117.359619140625], 'conf': 0.5659238, 'label_id': 'tv', 'sub_labels': 'other', 'sub_labels_conf': 0.57949298620224, 'id': 5}, {'box': [430.132568359375, 313.4944152832031, 334.9053649902344, 169.3277587890625], 'conf': 0.73686445, 'label_id': 'laptop', 'sub_labels': 'not_human', 'sub_labels_conf': 0.999998927116394, 'id': 6}, {'box': [745.5646362304688, 493.2205810546875, 271.5806884765625, 345.2427673339844], 'conf': 0.2108888, 'label_id': 'backpack', 'sub_labels': 'other', 'sub_labels_conf': 0.9994766116142273, 'id': 8}]"
131,2024/5/22 Wednesday 0:1:0,"[{'box': [472.3338317871094, 194.562744140625, 46.5469970703125, 89.88240051269531], 'conf': 0.90008336, 'label_id': 'cell phone', 'sub_labels': 'other', 'sub_labels_conf': 0.9588011503219604, 'id': 1}, {'box': [539.5916748046875, 328.1343994140625, 33.6146240234375, 53.590301513671875], 'conf': 0.82305527, 'label_id': 'mouse', 'sub_labels': 'other', 'sub_labels_conf': 0.5230977535247803, 'id': 2}, {'box': [409.8165283203125, 304.109130859375, 203.09683227539062, 76.36740112304688], 'conf': 0.72160393, 'label_id': 'keyboard', 'sub_labels': 'not_human', 'sub_labels_conf': 0.9979625940322876, 'id': 3}, {'box': [1030.859130859375, 244.789794921875, 64.63629150390625, 46.15690612792969], 'conf': 0.4023378, 'label_id': 'cup', 'sub_labels': 'other', 'sub_labels_conf': 0.9993830919265747, 'id': 4}, {'box': [545.71630859375, 59.403499603271484, 206.927734375, 117.63687896728516], 'conf': 0.56561476, 'label_id': 'tv', 'sub_labels': 'other', 'sub_labels_conf': 0.57949298620224, 'id': 5}, {'box': [430.31964111328125, 313.6607971191406, 334.7137756347656, 168.93470764160156], 'conf': 0.7468853, 'label_id': 'laptop', 'sub_labels': 'not_human', 'sub_labels_conf': 0.999998927116394, 'id': 6}, {'box': [745.6427001953125, 491.96624755859375, 272.20172119140625, 350.6769714355469], 'conf': 0.29205698, 'label_id': 'backpack', 'sub_labels': 'other', 'sub_labels_conf': 0.99983811378479, 'id': 8}]"
132,2024/5/22 Wednesday 0:1:0,"[{'box': [472.3365478515625, 194.5590362548828, 46.561279296875, 89.90390014648438], 'conf': 0.900157, 'label_id': 'cell phone', 'sub_labels': 'other', 'sub_labels_conf': 0.9588011503219604, 'id': 1}, {'box': [539.589599609375, 328.13946533203125, 33.621337890625, 53.605926513671875], 'conf': 0.8186872, 'label_id': 'mouse', 'sub_labels': 'other', 'sub_labels_conf': 0.5230977535247803, 'id': 2}, {'box': [409.8572692871094, 304.1009521484375, 203.02288818359375, 76.426025390625], 'conf': 0.71601325, 'label_id': 'keyboard', 'sub_labels': 'not_human', 'sub_labels_conf': 0.9979625940322876, 'id': 3}, {'box': [1030.8919677734375, 244.72842407226562, 64.51202392578125, 46.2264404296875], 'conf': 0.44694367, 'label_id': 'cup', 'sub_labels': 'other', 'sub_labels_conf': 0.9993830919265747, 'id': 4}, {'box': [545.8201293945312, 59.5985221862793, 207.13290405273438, 118.05240631103516], 'conf': 0.5602763, 'label_id': 'tv', 'sub_labels': 'other', 'sub_labels_conf': 0.4518721103668213, 'id': 5}, {'box': [430.35565185546875, 313.624755859375, 334.8799133300781, 168.9689178466797], 'conf': 0.7240775, 'label_id': 'laptop', 'sub_labels': 'not_human', 'sub_labels_conf': 0.999998927116394, 'id': 6}, {'box': [745.3546142578125, 491.7275390625, 270.01678466796875, 347.1451721191406], 'conf': 0.33488548, 'label_id': 'backpack', 'sub_labels': 'other', 'sub_labels_conf': 0.9995428323745728, 'id': 8}]"
133,2024/5/22 Wednesday 0:1:0,"[{'box': [472.3416748046875, 194.55972290039062, 46.550048828125, 89.87973022460938], 'conf': 0.8992222, 'label_id': 'cell phone', 'sub_labels': 'other', 'sub_labels_conf': 0.9588011503219604, 'id': 1}, {'box': [539.5879516601562, 328.1388244628906, 33.61474609375, 53.60504150390625], 'conf': 0.81689847, 'label_id': 'mouse', 'sub_labels': 'other', 'sub_labels_conf': 0.5230977535247803, 'id': 2}, {'box': [409.8887939453125, 304.0958557128906, 202.94107055664062, 76.41717529296875], 'conf': 0.71538115, 'label_id': 'keyboard', 'sub_labels': 'not_human', 'sub_labels_conf': 0.9979625940322876, 'id': 3}, {'box': [1030.843994140625, 244.84014892578125, 64.6370849609375, 46.12025451660156], 'conf': 0.39419818, 'label_id': 'cup', 'sub_labels': 'other', 'sub_labels_conf': 0.9993830919265747, 'id': 4}, {'box': [545.8259887695312, 59.49819564819336, 207.044677734375, 117.85436248779297], 'conf': 0.5722518, 'label_id': 'tv', 'sub_labels': 'other', 'sub_labels_conf': 0.57949298620224, 'id': 5}, {'box': [430.3092041015625, 313.4865417480469, 335.0856018066406, 169.11317443847656], 'conf': 0.7244362, 'label_id': 'laptop', 'sub_labels': 'not_human', 'sub_labels_conf': 0.999998927116394, 'id': 6}, {'box': [745.10986328125, 491.7802429199219, 270.23388671875, 349.54962158203125], 'conf': 0.28226218, 'label_id': 'backpack', 'sub_labels': 'other', 'sub_labels_conf': 0.9993226528167725, 'id': 8}]"
134,2024/5/22 Wednesday 0:1:0,"[{'box': [472.33026123046875, 194.58485412597656, 46.51611328125, 89.83822631835938], 'conf': 0.89636284, 'label_id': 'cell phone', 'sub_labels': 'other', 'sub_labels_conf': 0.9588011503219604, 'id': 1}, {'box': [539.58740234375, 328.1484375, 33.62298583984375, 53.607086181640625], 'conf': 0.81360793, 'label_id': 'mouse', 'sub_labels': 'other', 'sub_labels_conf': 0.5230977535247803, 'id': 2}, {'box': [409.86859130859375, 304.1216735839844, 202.92428588867188, 76.3245849609375], 'conf': 0.71916264, 'label_id': 'keyboard', 'sub_labels': 'not_human', 'sub_labels_conf': 0.9979625940322876, 'id': 3}, {'box': [1030.7916259765625, 244.84649658203125, 64.72943115234375, 46.12489318847656], 'conf': 0.36326247, 'label_id': 'cup', 'sub_labels': 'other', 'sub_labels_conf': 0.9993830919265747, 'id': 4}, {'box': [545.8438720703125, 59.4580192565918, 206.94033813476562, 117.73998260498047], 'conf': 0.58440644, 'label_id': 'tv', 'sub_labels': 'other', 'sub_labels_conf': 0.57949298620224, 'id': 5}, {'box': [430.28216552734375, 313.38433837890625, 335.0577697753906, 169.18077087402344], 'conf': 0.69841, 'label_id': 'laptop', 'sub_labels': 'not_human', 'sub_labels_conf': 0.999998927116394, 'id': 6}, {'box': [745.3580322265625, 495.1953125, 270.46124267578125, 340.451904296875], 'conf': 0.107793175, 'label_id': 'backpack', 'sub_labels': 'other', 'sub_labels_conf': 0.9989230036735535, 'id': 8}]"
135,2024/5/22 Wednesday 0:1:0,"[{'box': [472.3291931152344, 194.61221313476562, 46.500244140625, 89.80708312988281], 'conf': 0.89635926, 'label_id': 'cell phone', 'sub_labels': 'other', 'sub_labels_conf': 0.9588011503219604, 'id': 1}, {'box': [539.5986328125, 328.1685791015625, 33.60638427734375, 53.599639892578125], 'conf': 0.81753784, 'label_id': 'mouse', 'sub_labels': 'other', 'sub_labels_conf': 0.5230977535247803, 'id': 2}, {'box': [409.83502197265625, 304.1492919921875, 202.98495483398438, 76.24368286132812], 'conf': 0.7182997, 'label_id': 'keyboard', 'sub_labels': 'not_human', 'sub_labels_conf': 0.9979625940322876, 'id': 3}, {'box': [1030.84716796875, 244.68359375, 64.5784912109375, 46.26533508300781], 'conf': 0.4002282, 'label_id': 'cup', 'sub_labels': 'other', 'sub_labels_conf': 0.9993830919265747, 'id': 4}, {'box': [545.7109375, 59.17245101928711, 206.62164306640625, 117.0923843383789], 'conf': 0.59199667, 'label_id': 'tv', 'sub_labels': 'other', 'sub_labels_conf': 0.57949298620224, 'id': 5}, {'box': [430.281005859375, 313.38226318359375, 335.0801696777344, 169.21884155273438], 'conf': 0.6764402, 'label_id': 'laptop', 'sub_labels': 'not_human', 'sub_labels_conf': 0.999998927116394, 'id': 6}, {'box': [745.224853515625, 498.0567626953125, 268.7215576171875, 334.0901794433594], 'conf': 0.11501593, 'label_id': 'backpack', 'sub_labels': 'other', 'sub_labels_conf': 0.9993434548377991, 'id': 8}]"
136,2024/5/22 Wednesday 0:1:0,"[{'box': [472.3409423828125, 194.61264038085938, 46.551239013671875, 89.85494995117188], 'conf': 0.89832276, 'label_id': 'cell phone', 'sub_labels': 'other', 'sub_labels_conf': 0.9588011503219604, 'id': 1}, {'box': [539.587890625, 328.171142578125, 33.60748291015625, 53.590789794921875], 'conf': 0.8186059, 'label_id': 'mouse', 'sub_labels': 'other', 'sub_labels_conf': 0.5230977535247803, 'id': 2}, {'box': [409.81768798828125, 304.1505126953125, 203.02593994140625, 76.25723266601562], 'conf': 0.7187264, 'label_id': 'keyboard', 'sub_labels': 'not_human', 'sub_labels_conf': 0.9979625940322876, 'id': 3}, {'box': [1030.772216796875, 244.80093383789062, 64.681396484375, 46.1778564453125], 'conf': 0.3777504, 'label_id': 'cup', 'sub_labels': 'other', 'sub_labels_conf': 0.9993830919265747, 'id': 4}, {'box': [545.757568359375, 59.29071044921875, 206.71392822265625, 117.27626037597656], 'conf': 0.57605475, 'label_id': 'tv', 'sub_labels': 'other', 'sub_labels_conf': 0.57949298620224, 'id': 5}, {'box': [430.2029113769531, 313.5139465332031, 335.15985107421875, 169.08314514160156], 'conf': 0.7004756, 'label_id': 'laptop', 'sub_labels': 'not_human', 'sub_labels_conf': 0.999998927116394, 'id': 6}, {'box': [745.82763671875, 492.3738098144531, 271.0721435546875, 345.76409912109375], 'conf': 0.14640771, 'label_id': 'backpack', 'sub_labels': 'other', 'sub_labels_conf': 0.999651312828064, 'id': 8}]"
137,2024/5/22 Wednesday 0:1:0,"[{'box': [472.33447265625, 194.61502075195312, 46.539825439453125, 89.84028625488281], 'conf': 0.89688766, 'label_id': 'cell phone', 'sub_labels': 'other', 'sub_labels_conf': 0.9588011503219604, 'id': 1}, {'box': [539.5943603515625, 328.1646728515625, 33.59979248046875, 53.576995849609375], 'conf': 0.81261504, 'label_id': 'mouse', 'sub_labels': 'other', 'sub_labels_conf': 0.5230977535247803, 'id': 2}, {'box': [409.79302978515625, 304.16558837890625, 203.06216430664062, 76.2005615234375], 'conf': 0.724136, 'label_id': 'keyboard', 'sub_labels': 'not_human', 'sub_labels_conf': 0.9979625940322876, 'id': 3}, {'box': [1030.8262939453125, 244.65122985839844, 64.56439208984375, 46.284820556640625], 'conf': 0.34506047, 'label_id': 'cup', 'sub_labels': 'other', 'sub_labels_conf': 0.9993830919265747, 'id': 4}, {'box': [545.6165161132812, 58.96653366088867, 206.3824462890625, 116.60009002685547], 'conf': 0.58518326, 'label_id': 'tv', 'sub_labels': 'not_human', 'sub_labels_conf': 0.4168103337287903, 'id': 5}, {'box': [430.25262451171875, 313.50775146484375, 335.1576232910156, 169.10340881347656], 'conf': 0.6535526, 'label_id': 'laptop', 'sub_labels': 'not_human', 'sub_labels_conf': 0.999998927116394, 'id': 6}]"
138,2024/5/22 Wednesday 0:1:0,"[{'box': [472.3306884765625, 194.591796875, 46.575653076171875, 89.8773193359375], 'conf': 0.8982458, 'label_id': 'cell phone', 'sub_labels': 'other', 'sub_labels_conf': 0.9588011503219604, 'id': 1}, {'box': [539.5830078125, 328.15606689453125, 33.59393310546875, 53.58843994140625], 'conf': 0.81996036, 'label_id': 'mouse', 'sub_labels': 'other', 'sub_labels_conf': 0.5230977535247803, 'id': 2}, {'box': [409.78997802734375, 304.1592712402344, 203.09884643554688, 76.20416259765625], 'conf': 0.7203674, 'label_id': 'keyboard', 'sub_labels': 'not_human', 'sub_labels_conf': 0.9979625940322876, 'id': 3}, {'box': [1030.8502197265625, 244.59144592285156, 64.54022216796875, 46.326385498046875], 'conf': 0.35265315, 'label_id': 'cup', 'sub_labels': 'other', 'sub_labels_conf': 0.9993830919265747, 'id': 4}, {'box': [545.60107421875, 58.92097091674805, 206.42153930664062, 116.55168914794922], 'conf': 0.572938, 'label_id': 'tv', 'sub_labels': 'not_human', 'sub_labels_conf': 0.4168103337287903, 'id': 5}, {'box': [430.1805419921875, 313.52789306640625, 335.4234619140625, 169.14808654785156], 'conf': 0.6632087, 'label_id': 'laptop', 'sub_labels': 'not_human', 'sub_labels_conf': 0.999998927116394, 'id': 6}]"
139,2024/5/22 Wednesday 0:1:0,"[{'box': [472.32781982421875, 194.53338623046875, 46.666015625, 90.02998352050781], 'conf': 0.90077513, 'label_id': 'cell phone', 'sub_labels': 'other', 'sub_labels_conf': 0.9557451605796814, 'id': 1}, {'box': [539.55419921875, 328.1731872558594, 33.64654541015625, 53.69122314453125], 'conf': 0.8222971, 'label_id': 'mouse', 'sub_labels': 'other', 'sub_labels_conf': 0.5230977535247803, 'id': 2}, {'box': [409.85931396484375, 304.1185302734375, 202.92617797851562, 76.34945678710938], 'conf': 0.701826, 'label_id': 'keyboard', 'sub_labels': 'not_human', 'sub_labels_conf': 0.9979625940322876, 'id': 3}, {'box': [1030.8223876953125, 244.80043029785156, 64.62908935546875, 46.151702880859375], 'conf': 0.42428648, 'label_id': 'cup', 'sub_labels': 'other', 'sub_labels_conf': 0.9993830919265747, 'id': 4}, {'box': [545.808349609375, 59.521724700927734, 207.06829833984375, 117.92691802978516], 'conf': 0.5334205, 'label_id': 'tv', 'sub_labels': 'other', 'sub_labels_conf': 0.57949298620224, 'id': 5}, {'box': [430.149169921875, 313.78515625, 335.6524963378906, 169.0828399658203], 'conf': 0.754568, 'label_id': 'laptop', 'sub_labels': 'not_human', 'sub_labels_conf': 0.999998927116394, 'id': 6}]"
140,2024/5/22 Wednesday 0:1:0,"[{'box': [472.2841796875, 194.53244018554688, 46.62799072265625, 90.01231384277344], 'conf': 0.9002682, 'label_id': 'cell phone', 'sub_labels': 'other', 'sub_labels_conf': 0.9557451605796814, 'id': 1}, {'box': [539.5162963867188, 328.18756103515625, 33.6553955078125, 53.73370361328125], 'conf': 0.8101957, 'label_id': 'mouse', 'sub_labels': 'other', 'sub_labels_conf': 0.5230977535247803, 'id': 2}, {'box': [409.85455322265625, 304.138427734375, 202.94650268554688, 76.39596557617188], 'conf': 0.7101914, 'label_id': 'keyboard', 'sub_labels': 'not_human', 'sub_labels_conf': 0.9979625940322876, 'id': 3}, {'box': [1030.8621826171875, 244.70806884765625, 64.53466796875, 46.226806640625], 'conf': 0.41711438, 'label_id': 'cup', 'sub_labels': 'other', 'sub_labels_conf': 0.9993830919265747, 'id': 4}, {'box': [545.6888427734375, 59.39543151855469, 206.86752319335938, 117.64169311523438], 'conf': 0.5574549, 'label_id': 'tv', 'sub_labels': 'other', 'sub_labels_conf': 0.57949298620224, 'id': 5}, {'box': [430.15234375, 313.91131591796875, 335.4017639160156, 169.30862426757812], 'conf': 0.73322034, 'label_id': 'laptop', 'sub_labels': 'not_human', 'sub_labels_conf': 0.999998927116394, 'id': 6}]"
141,2024/5/22 Wednesday 0:1:0,"[{'box': [472.2753601074219, 194.51651000976562, 46.6312255859375, 90.03392028808594], 'conf': 0.9012835, 'label_id': 'cell phone', 'sub_labels': 'other', 'sub_labels_conf': 0.9557451605796814, 'id': 1}, {'box': [539.50537109375, 328.18682861328125, 33.65789794921875, 53.753143310546875], 'conf': 0.8144019, 'label_id': 'mouse', 'sub_labels': 'other', 'sub_labels_conf': 0.5230977535247803, 'id': 2}, {'box': [409.873046875, 304.14813232421875, 203.02133178710938, 76.46841430664062], 'conf': 0.706261, 'label_id': 'keyboard', 'sub_labels': 'not_human', 'sub_labels_conf': 0.9979625940322876, 'id': 3}, {'box': [1030.8330078125, 244.81863403320312, 64.65118408203125, 46.14729309082031], 'conf': 0.39799365, 'label_id': 'cup', 'sub_labels': 'other', 'sub_labels_conf': 0.9993830919265747, 'id': 4}, {'box': [545.7019653320312, 59.31590270996094, 207.00448608398438, 117.53465270996094], 'conf': 0.5540433, 'label_id': 'tv', 'sub_labels': 'other', 'sub_labels_conf': 0.57949298620224, 'id': 5}, {'box': [430.20147705078125, 313.9951171875, 335.204833984375, 169.322021484375], 'conf': 0.7420576, 'label_id': 'laptop', 'sub_labels': 'not_human', 'sub_labels_conf': 0.999998927116394, 'id': 6}]"
142,2024/5/22 Wednesday 0:1:0,"[{'box': [472.2645263671875, 194.52313232421875, 46.65032958984375, 90.05479431152344], 'conf': 0.9012721, 'label_id': 'cell phone', 'sub_labels': 'other', 'sub_labels_conf': 0.9557451605796814, 'id': 1}, {'box': [539.492431640625, 328.1993713378906, 33.66778564453125, 53.79400634765625], 'conf': 0.80902994, 'label_id': 'mouse', 'sub_labels': 'other', 'sub_labels_conf': 0.5230977535247803, 'id': 2}, {'box': [409.843017578125, 304.1552734375, 203.13323974609375, 76.52194213867188], 'conf': 0.7115751, 'label_id': 'keyboard', 'sub_labels': 'not_human', 'sub_labels_conf': 0.9979625940322876, 'id': 3}, {'box': [1030.8291015625, 244.87088012695312, 64.69403076171875, 46.09796142578125], 'conf': 0.41594878, 'label_id': 'cup', 'sub_labels': 'other', 'sub_labels_conf': 0.9993830919265747, 'id': 4}, {'box': [545.6707763671875, 59.226478576660156, 207.0758056640625, 117.36204528808594], 'conf': 0.54960763, 'label_id': 'tv', 'sub_labels': 'other', 'sub_labels_conf': 0.57949298620224, 'id': 5}, {'box': [430.2485656738281, 314.138671875, 334.98199462890625, 169.4062957763672], 'conf': 0.7519336, 'label_id': 'laptop', 'sub_labels': 'not_human', 'sub_labels_conf': 0.9999985694885254, 'id': 6}]"
143,2024/5/22 Wednesday 0:1:0,"[{'box': [472.2666015625, 194.53585815429688, 46.620880126953125, 90.04945373535156], 'conf': 0.90128934, 'label_id': 'cell phone', 'sub_labels': 'other', 'sub_labels_conf': 0.9557451605796814, 'id': 1}, {'box': [539.5145874023438, 328.2218933105469, 33.654541015625, 53.7991943359375], 'conf': 0.8031279, 'label_id': 'mouse', 'sub_labels': 'other', 'sub_labels_conf': 0.5230977535247803, 'id': 2}, {'box': [409.8468322753906, 304.1654052734375, 203.19989013671875, 76.51748657226562], 'conf': 0.7088141, 'label_id': 'keyboard', 'sub_labels': 'not_human', 'sub_labels_conf': 0.9979625940322876, 'id': 3}, {'box': [1030.8280029296875, 244.88970947265625, 64.708984375, 46.06681823730469], 'conf': 0.4104443, 'label_id': 'cup', 'sub_labels': 'other', 'sub_labels_conf': 0.9993830919265747, 'id': 4}, {'box': [545.6508178710938, 59.21693801879883, 207.10678100585938, 117.29572296142578], 'conf': 0.5484229, 'label_id': 'tv', 'sub_labels': 'other', 'sub_labels_conf': 0.5935805439949036, 'id': 5}, {'box': [430.22125244140625, 314.1953430175781, 334.5682067871094, 169.4934844970703], 'conf': 0.76780385, 'label_id': 'laptop', 'sub_labels': 'not_human', 'sub_labels_conf': 0.9999985694885254, 'id': 6}]"
144,2024/5/22 Wednesday 0:1:0,"[{'box': [472.279296875, 194.513671875, 46.660552978515625, 90.10519409179688], 'conf': 0.9028246, 'label_id': 'cell phone', 'sub_labels': 'other', 'sub_labels_conf': 0.9557451605796814, 'id': 1}, {'box': [539.5184326171875, 328.24444580078125, 33.68048095703125, 53.860626220703125], 'conf': 0.8028537, 'label_id': 'mouse', 'sub_labels': 'other', 'sub_labels_conf': 0.5230977535247803, 'id': 2}, {'box': [409.8978271484375, 304.1670227050781, 203.20416259765625, 76.53387451171875], 'conf': 0.7089308, 'label_id': 'keyboard', 'sub_labels': 'not_human', 'sub_labels_conf': 0.9979625940322876, 'id': 3}, {'box': [1030.832275390625, 244.894775390625, 64.7188720703125, 46.05706787109375], 'conf': 0.40615955, 'label_id': 'cup', 'sub_labels': 'other', 'sub_labels_conf': 0.9993830919265747, 'id': 4}, {'box': [545.6508178710938, 59.29038619995117, 207.12789916992188, 117.44202423095703], 'conf': 0.53959125, 'label_id': 'tv', 'sub_labels': 'other', 'sub_labels_conf': 0.5935805439949036, 'id': 5}, {'box': [430.157958984375, 314.1834716796875, 334.5548400878906, 169.58860778808594], 'conf': 0.78548473, 'label_id': 'laptop', 'sub_labels': 'not_human', 'sub_labels_conf': 0.9999984502792358, 'id': 6}]"
145,2024/5/22 Wednesday 0:1:0,"[{'box': [472.2803955078125, 194.50694274902344, 46.65777587890625, 90.10220336914062], 'conf': 0.902201, 'label_id': 'cell phone', 'sub_labels': 'other', 'sub_labels_conf': 0.9557451605796814, 'id': 1}, {'box': [539.5146484375, 328.23492431640625, 33.6712646484375, 53.839080810546875], 'conf': 0.7997906, 'label_id': 'mouse', 'sub_labels': 'other', 'sub_labels_conf': 0.5230977535247803, 'id': 2}, {'box': [409.8492126464844, 304.1278076171875, 203.22357177734375, 76.51568603515625], 'conf': 0.71054286, 'label_id': 'keyboard', 'sub_labels': 'not_human', 'sub_labels_conf': 0.9979625940322876, 'id': 3}, {'box': [1030.829345703125, 244.90921020507812, 64.702392578125, 46.03105163574219], 'conf': 0.4190412, 'label_id': 'cup', 'sub_labels': 'other', 'sub_labels_conf': 0.9993830919265747, 'id': 4}, {'box': [545.655029296875, 59.273155212402344, 207.04104614257812, 117.37940979003906], 'conf': 0.5503488, 'label_id': 'tv', 'sub_labels': 'other', 'sub_labels_conf': 0.5935805439949036, 'id': 5}, {'box': [430.1191101074219, 314.16851806640625, 334.51898193359375, 169.43154907226562], 'conf': 0.78948706, 'label_id': 'laptop', 'sub_labels': 'not_human', 'sub_labels_conf': 0.9999985694885254, 'id': 6}, {'box': [780.9285888671875, 447.3765563964844, 122.32061767578125, 195.35650634765625], 'conf': 0.6424293, 'label_id': 'backpack', 'sub_labels': 'other', 'sub_labels_conf': 0.9484269618988037, 'id': 9}]"
146,2024/5/22 Wednesday 0:1:0,"[{'box': [472.2659912109375, 194.51638793945312, 46.618804931640625, 90.0546875], 'conf': 0.90212065, 'label_id': 'cell phone', 'sub_labels': 'other', 'sub_labels_conf': 0.9557451605796814, 'id': 1}, {'box': [539.5147705078125, 328.223388671875, 33.64959716796875, 53.787933349609375], 'conf': 0.81842905, 'label_id': 'mouse', 'sub_labels': 'other', 'sub_labels_conf': 0.5230977535247803, 'id': 2}, {'box': [409.78607177734375, 304.10260009765625, 203.22573852539062, 76.47015380859375], 'conf': 0.7125424, 'label_id': 'keyboard', 'sub_labels': 'not_human', 'sub_labels_conf': 0.9979625940322876, 'id': 3}, {'box': [1030.82373046875, 244.89535522460938, 64.7064208984375, 46.02330017089844], 'conf': 0.4170716, 'label_id': 'cup', 'sub_labels': 'other', 'sub_labels_conf': 0.9993830919265747, 'id': 4}, {'box': [545.69873046875, 59.46577453613281, 207.103271484375, 117.75775146484375], 'conf': 0.5596279, 'label_id': 'tv', 'sub_labels': 'other', 'sub_labels_conf': 0.5911794900894165, 'id': 5}, {'box': [430.1312255859375, 314.102294921875, 334.66650390625, 169.27947998046875], 'conf': 0.7634943, 'label_id': 'laptop', 'sub_labels': 'not_human', 'sub_labels_conf': 0.9999985694885254, 'id': 6}, {'box': [780.1500244140625, 447.15704345703125, 123.51788330078125, 196.54293823242188], 'conf': 0.60276693, 'label_id': 'backpack', 'sub_labels': 'other', 'sub_labels_conf': 0.9044864177703857, 'id': 9}]"
147,2024/5/22 Wednesday 0:1:0,"[{'box': [472.2865905761719, 194.53770446777344, 46.56805419921875, 89.97756958007812], 'conf': 0.90002024, 'label_id': 'cell phone', 'sub_labels': 'other', 'sub_labels_conf': 0.9588011503219604, 'id': 1}, {'box': [539.5452880859375, 328.200439453125, 33.63214111328125, 53.726654052734375], 'conf': 0.81316364, 'label_id': 'mouse', 'sub_labels': 'other', 'sub_labels_conf': 0.5230977535247803, 'id': 2}, {'box': [409.77362060546875, 304.10101318359375, 203.20474243164062, 76.3648681640625], 'conf': 0.717553, 'label_id': 'keyboard', 'sub_labels': 'not_human', 'sub_labels_conf': 0.9979625940322876, 'id': 3}, {'box': [1030.89501953125, 244.76950073242188, 64.52996826171875, 46.14271545410156], 'conf': 0.460665, 'label_id': 'cup', 'sub_labels': 'other', 'sub_labels_conf': 0.9993830919265747, 'id': 4}, {'box': [545.724609375, 59.113563537597656, 207.14569091796875, 117.08163452148438], 'conf': 0.5905415, 'label_id': 'tv', 'sub_labels': 'other', 'sub_labels_conf': 0.5911794900894165, 'id': 5}, {'box': [430.1344299316406, 313.97930908203125, 334.61932373046875, 169.35726928710938], 'conf': 0.73599577, 'label_id': 'laptop', 'sub_labels': 'not_human', 'sub_labels_conf': 0.999998927116394, 'id': 6}, {'box': [778.5379028320312, 447.56903076171875, 124.3546142578125, 196.4384765625], 'conf': 0.61839366, 'label_id': 'backpack', 'sub_labels': 'other', 'sub_labels_conf': 0.9220635890960693, 'id': 9}]"
148,2024/5/22 Wednesday 0:1:0,"[{'box': [472.338134765625, 194.53579711914062, 46.582916259765625, 89.99575805664062], 'conf': 0.90052605, 'label_id': 'cell phone', 'sub_labels': 'other', 'sub_labels_conf': 0.9588011503219604, 'id': 1}, {'box': [539.576904296875, 328.20416259765625, 33.6370849609375, 53.743133544921875], 'conf': 0.8101544, 'label_id': 'mouse', 'sub_labels': 'other', 'sub_labels_conf': 0.5230977535247803, 'id': 2}, {'box': [409.8348693847656, 304.13873291015625, 203.1373291015625, 76.36358642578125], 'conf': 0.702906, 'label_id': 'keyboard', 'sub_labels': 'not_human', 'sub_labels_conf': 0.9979625940322876, 'id': 3}, {'box': [1030.8499755859375, 244.84413146972656, 64.63177490234375, 46.084197998046875], 'conf': 0.4071237, 'label_id': 'cup', 'sub_labels': 'other', 'sub_labels_conf': 0.9993830919265747, 'id': 4}, {'box': [545.7774658203125, 59.055179595947266, 207.25399780273438, 116.95035552978516], 'conf': 0.57013476, 'label_id': 'tv', 'sub_labels': 'other', 'sub_labels_conf': 0.5911794900894165, 'id': 5}, {'box': [430.1073913574219, 314.1107177734375, 334.72723388671875, 169.9194793701172], 'conf': 0.7969524, 'label_id': 'laptop', 'sub_labels': 'not_human', 'sub_labels_conf': 0.9999985694885254, 'id': 6}, {'box': [777.878662109375, 448.2091064453125, 121.68060302734375, 193.65139770507812], 'conf': 0.62756854, 'label_id': 'backpack', 'sub_labels': 'other', 'sub_labels_conf': 0.867904543876648, 'id': 9}]"
149,2024/5/22 Wednesday 0:1:0,"[{'box': [472.3512268066406, 194.5567626953125, 46.551025390625, 89.92340087890625], 'conf': 0.897638, 'label_id': 'cell phone', 'sub_labels': 'other', 'sub_labels_conf': 0.9588011503219604, 'id': 1}, {'box': [539.593994140625, 328.1754455566406, 33.63922119140625, 53.71856689453125], 'conf': 0.824751, 'label_id': 'mouse', 'sub_labels': 'other', 'sub_labels_conf': 0.5230977535247803, 'id': 2}, {'box': [409.81524658203125, 304.15203857421875, 203.14456176757812, 76.32443237304688], 'conf': 0.7199229, 'label_id': 'keyboard', 'sub_labels': 'not_human', 'sub_labels_conf': 0.9979625940322876, 'id': 3}, {'box': [1030.8330078125, 244.86692810058594, 64.67779541015625, 46.066192626953125], 'conf': 0.41285974, 'label_id': 'cup', 'sub_labels': 'other', 'sub_labels_conf': 0.9993830919265747, 'id': 4}, {'box': [545.8053588867188, 58.95348358154297, 207.25027465820312, 116.75965881347656], 'conf': 0.59536, 'label_id': 'tv', 'sub_labels': 'other', 'sub_labels_conf': 0.4205555021762848, 'id': 5}, {'box': [430.2298583984375, 314.1663513183594, 334.7193908691406, 170.10609436035156], 'conf': 0.76891017, 'label_id': 'laptop', 'sub_labels': 'not_human', 'sub_labels_conf': 0.9999990463256836, 'id': 6}, {'box': [777.1979370117188, 448.38323974609375, 119.9326171875, 193.51644897460938], 'conf': 0.6400075, 'label_id': 'backpack', 'sub_labels': 'other', 'sub_labels_conf': 0.853215217590332, 'id': 9}]"
150,2024/5/22 Wednesday 0:1:1,"[{'box': [472.36175537109375, 194.55007934570312, 46.553985595703125, 89.92750549316406], 'conf': 0.8986557, 'label_id': 'cell phone', 'sub_labels': 'other', 'sub_labels_conf': 0.9588011503219604, 'id': 1}, {'box': [539.6053466796875, 328.150634765625, 33.62725830078125, 53.674652099609375], 'conf': 0.82551104, 'label_id': 'mouse', 'sub_labels': 'other', 'sub_labels_conf': 0.5230977535247803, 'id': 2}, {'box': [409.80975341796875, 304.10394287109375, 203.1370849609375, 76.29867553710938], 'conf': 0.71307725, 'label_id': 'keyboard', 'sub_labels': 'not_human', 'sub_labels_conf': 0.9979625940322876, 'id': 3}, {'box': [1030.826171875, 244.86752319335938, 64.7076416015625, 46.08106994628906], 'conf': 0.41122136, 'label_id': 'cup', 'sub_labels': 'other', 'sub_labels_conf': 0.9993830919265747, 'id': 4}, {'box': [545.8525390625, 58.99645233154297, 207.39154052734375, 116.93940734863281], 'conf': 0.5931018, 'label_id': 'tv', 'sub_labels': 'other', 'sub_labels_conf': 0.4205555021762848, 'id': 5}, {'box': [430.298095703125, 314.08782958984375, 334.8904113769531, 169.86679077148438], 'conf': 0.7791597, 'label_id': 'laptop', 'sub_labels': 'not_human', 'sub_labels_conf': 0.9999984502792358, 'id': 6}, {'box': [778.2254028320312, 448.3485412597656, 121.7579345703125, 192.87567138671875], 'conf': 0.6465255, 'label_id': 'backpack', 'sub_labels': 'other', 'sub_labels_conf': 0.770969808101654, 'id': 9}]"
151,2024/5/22 Wednesday 0:1:1,"[{'box': [472.3683776855469, 194.56149291992188, 46.62432861328125, 89.92692565917969], 'conf': 0.9032055, 'label_id': 'cell phone', 'sub_labels': 'other', 'sub_labels_conf': 0.9625760912895203, 'id': 1}, {'box': [539.5887451171875, 328.14532470703125, 33.61328125, 53.671295166015625], 'conf': 0.82164866, 'label_id': 'mouse', 'sub_labels': 'other', 'sub_labels_conf': 0.5230977535247803, 'id': 2}, {'box': [409.8162841796875, 304.086669921875, 203.07400512695312, 76.30221557617188], 'conf': 0.7097661, 'label_id': 'keyboard', 'sub_labels': 'not_human', 'sub_labels_conf': 0.9979625940322876, 'id': 3}, {'box': [1030.822021484375, 244.84263610839844, 64.75152587890625, 46.107513427734375], 'conf': 0.40154982, 'label_id': 'cup', 'sub_labels': 'other', 'sub_labels_conf': 0.9993830919265747, 'id': 4}, {'box': [545.8430786132812, 59.11375045776367, 207.3599853515625, 117.19257354736328], 'conf': 0.59829706, 'label_id': 'tv', 'sub_labels': 'other', 'sub_labels_conf': 0.5911794900894165, 'id': 5}, {'box': [430.267333984375, 314.0585632324219, 335.1554260253906, 169.74798583984375], 'conf': 0.77593863, 'label_id': 'laptop', 'sub_labels': 'not_human', 'sub_labels_conf': 0.9999984502792358, 'id': 6}, {'box': [779.6240234375, 447.8837890625, 124.71685791015625, 192.74197387695312], 'conf': 0.63649565, 'label_id': 'backpack', 'sub_labels': 'other', 'sub_labels_conf': 0.8229376673698425, 'id': 9}]"
152,2024/5/22 Wednesday 0:1:1,"[{'box': [472.35760498046875, 194.5547332763672, 46.666778564453125, 89.9183349609375], 'conf': 0.9031296, 'label_id': 'cell phone', 'sub_labels': 'other', 'sub_labels_conf': 0.9625760912895203, 'id': 1}, {'box': [539.569580078125, 328.1178283691406, 33.5938720703125, 53.6275634765625], 'conf': 0.8240853, 'label_id': 'mouse', 'sub_labels': 'other', 'sub_labels_conf': 0.5230977535247803, 'id': 2}, {'box': [409.6761474609375, 304.08917236328125, 203.20925903320312, 76.11392211914062], 'conf': 0.71974725, 'label_id': 'keyboard', 'sub_labels': 'not_human', 'sub_labels_conf': 0.9979625940322876, 'id': 3}, {'box': [1030.8004150390625, 244.82113647460938, 64.80657958984375, 46.14097595214844], 'conf': 0.38099158, 'label_id': 'cup', 'sub_labels': 'other', 'sub_labels_conf': 0.9993830919265747, 'id': 4}, {'box': [545.8759765625, 58.99397659301758, 206.96759033203125, 116.93852996826172], 'conf': 0.62942135, 'label_id': 'tv', 'sub_labels': 'other', 'sub_labels_conf': 0.4205555021762848, 'id': 5}, {'box': [430.27435302734375, 314.13134765625, 335.1609802246094, 169.5531768798828], 'conf': 0.7405111, 'label_id': 'laptop', 'sub_labels': 'not_human', 'sub_labels_conf': 0.9999983310699463, 'id': 6}, {'box': [781.0604858398438, 448.10211181640625, 128.1536865234375, 191.90151977539062], 'conf': 0.5618902, 'label_id': 'backpack', 'sub_labels': 'other', 'sub_labels_conf': 0.9010686874389648, 'id': 9}]"
153,2024/5/22 Wednesday 0:1:1,"[{'box': [472.35955810546875, 194.5462646484375, 46.713592529296875, 89.96937561035156], 'conf': 0.90405405, 'label_id': 'cell phone', 'sub_labels': 'other', 'sub_labels_conf': 0.9625760912895203, 'id': 1}, {'box': [539.5621337890625, 328.1175537109375, 33.5850830078125, 53.5882568359375], 'conf': 0.8244904, 'label_id': 'mouse', 'sub_labels': 'other', 'sub_labels_conf': 0.5230977535247803, 'id': 2}, {'box': [409.6805419921875, 304.0782470703125, 203.2608642578125, 76.0662841796875], 'conf': 0.7104366, 'label_id': 'keyboard', 'sub_labels': 'not_human', 'sub_labels_conf': 0.9979625940322876, 'id': 3}, {'box': [1030.870849609375, 244.6899871826172, 64.606201171875, 46.253631591796875], 'conf': 0.435531, 'label_id': 'cup', 'sub_labels': 'other', 'sub_labels_conf': 0.9993830919265747, 'id': 4}, {'box': [545.8457641601562, 58.91215515136719, 206.7733154296875, 116.74690246582031], 'conf': 0.59742594, 'label_id': 'tv', 'sub_labels': 'other', 'sub_labels_conf': 0.4205555021762848, 'id': 5}, {'box': [430.2884826660156, 313.8393859863281, 335.03656005859375, 169.5299530029297], 'conf': 0.75144804, 'label_id': 'laptop', 'sub_labels': 'not_human', 'sub_labels_conf': 0.9999990463256836, 'id': 6}, {'box': [778.1280517578125, 456.2806396484375, 120.88934326171875, 175.25955200195312], 'conf': 0.446377, 'label_id': 'backpack', 'sub_labels': 'other', 'sub_labels_conf': 0.9380979537963867, 'id': 9}]"
154,2024/5/22 Wednesday 0:1:1,"[{'box': [472.3314208984375, 194.45791625976562, 46.705047607421875, 90.16383361816406], 'conf': 0.90407974, 'label_id': 'cell phone', 'sub_labels': 'other', 'sub_labels_conf': 0.9600517749786377, 'id': 1}, {'box': [539.5450439453125, 328.1138916015625, 33.56390380859375, 53.48358154296875], 'conf': 0.8207038, 'label_id': 'mouse', 'sub_labels': 'other', 'sub_labels_conf': 0.5230977535247803, 'id': 2}, {'box': [409.5897216796875, 304.07989501953125, 203.47012329101562, 76.21209716796875], 'conf': 0.73796135, 'label_id': 'keyboard', 'sub_labels': 'not_human', 'sub_labels_conf': 0.9979625940322876, 'id': 3}, {'box': [1030.8192138671875, 244.77581787109375, 64.702392578125, 46.17176818847656], 'conf': 0.40700173, 'label_id': 'cup', 'sub_labels': 'other', 'sub_labels_conf': 0.9993830919265747, 'id': 4}, {'box': [545.740478515625, 58.91572570800781, 206.67584228515625, 116.71681213378906], 'conf': 0.59159243, 'label_id': 'tv', 'sub_labels': 'other', 'sub_labels_conf': 0.43007758259773254, 'id': 5}, {'box': [430.2276306152344, 313.94329833984375, 335.01068115234375, 169.16604614257812], 'conf': 0.7529089, 'label_id': 'laptop', 'sub_labels': 'not_human', 'sub_labels_conf': 0.9999990463256836, 'id': 6}, {'box': [780.49365234375, 450.53521728515625, 126.8431396484375, 186.39407348632812], 'conf': 0.29244107, 'label_id': 'backpack', 'sub_labels': 'other', 'sub_labels_conf': 0.9136970639228821, 'id': 9}]"
155,2024/5/22 Wednesday 0:1:1,"[{'box': [472.30511474609375, 194.43011474609375, 46.71728515625, 90.27293395996094], 'conf': 0.9034347, 'label_id': 'cell phone', 'sub_labels': 'other', 'sub_labels_conf': 0.9600517749786377, 'id': 1}, {'box': [539.5142822265625, 328.12451171875, 33.56915283203125, 53.487640380859375], 'conf': 0.82221943, 'label_id': 'mouse', 'sub_labels': 'other', 'sub_labels_conf': 0.5230977535247803, 'id': 2}, {'box': [409.5996398925781, 304.33209228515625, 203.5294189453125, 76.89266967773438], 'conf': 0.73382056, 'label_id': 'keyboard', 'sub_labels': 'not_human', 'sub_labels_conf': 0.9981895089149475, 'id': 3}, {'box': [1030.86767578125, 244.71719360351562, 64.5455322265625, 46.24772644042969], 'conf': 0.45044225, 'label_id': 'cup', 'sub_labels': 'other', 'sub_labels_conf': 0.9995430707931519, 'id': 4}, {'box': [546.0093994140625, 61.1763801574707, 207.19717407226562, 121.30118560791016], 'conf': 0.6265078, 'label_id': 'tv', 'sub_labels': 'other', 'sub_labels_conf': 0.743630588054657, 'id': 5}, {'box': [430.3385314941406, 313.9599914550781, 334.32965087890625, 168.94886779785156], 'conf': 0.74787253, 'label_id': 'laptop', 'sub_labels': 'not_human', 'sub_labels_conf': 0.999998927116394, 'id': 6}, {'box': [781.5119018554688, 448.74798583984375, 129.0257568359375, 188.68252563476562], 'conf': 0.3368637, 'label_id': 'backpack', 'sub_labels': 'other', 'sub_labels_conf': 0.9113729000091553, 'id': 9}]"
156,2024/5/22 Wednesday 0:1:1,"[{'box': [472.312744140625, 194.32191467285156, 46.726715087890625, 90.5810546875], 'conf': 0.9053174, 'label_id': 'cell phone', 'sub_labels': 'other', 'sub_labels_conf': 0.948138952255249, 'id': 1}, {'box': [539.5253295898438, 328.15142822265625, 33.585693359375, 53.517333984375], 'conf': 0.835677, 'label_id': 'mouse', 'sub_labels': 'other', 'sub_labels_conf': 0.5467281937599182, 'id': 2}, {'box': [409.5239562988281, 304.54705810546875, 203.1781005859375, 76.98867797851562], 'conf': 0.7207969, 'label_id': 'keyboard', 'sub_labels': 'not_human', 'sub_labels_conf': 0.9978439807891846, 'id': 3}, {'box': [1030.8140869140625, 244.66848754882812, 64.46356201171875, 46.39054870605469], 'conf': 0.5212832, 'label_id': 'cup', 'sub_labels': 'other', 'sub_labels_conf': 0.9996098875999451, 'id': 4}, {'box': [546.2999267578125, 62.06520462036133, 207.68756103515625, 123.16834259033203], 'conf': 0.63979787, 'label_id': 'tv', 'sub_labels': 'other', 'sub_labels_conf': 0.6965159177780151, 'id': 5}, {'box': [430.2999267578125, 314.1361999511719, 333.2113342285156, 168.5509490966797], 'conf': 0.77311754, 'label_id': 'laptop', 'sub_labels': 'not_human', 'sub_labels_conf': 0.9999978542327881, 'id': 6}, {'box': [781.997314453125, 447.80645751953125, 128.81134033203125, 189.15127563476562], 'conf': 0.27619487, 'label_id': 'backpack', 'sub_labels': 'other', 'sub_labels_conf': 0.8501160144805908, 'id': 9}]"
157,2024/5/22 Wednesday 0:1:1,"[{'box': [472.32568359375, 194.26889038085938, 46.714019775390625, 90.69459533691406], 'conf': 0.90668523, 'label_id': 'cell phone', 'sub_labels': 'other', 'sub_labels_conf': 0.948138952255249, 'id': 1}, {'box': [539.545654296875, 328.152587890625, 33.56707763671875, 53.548553466796875], 'conf': 0.80959547, 'label_id': 'mouse', 'sub_labels': 'other', 'sub_labels_conf': 0.5467281937599182, 'id': 2}, {'box': [409.4825744628906, 304.60638427734375, 203.10308837890625, 76.94989013671875], 'conf': 0.7165531, 'label_id': 'keyboard', 'sub_labels': 'not_human', 'sub_labels_conf': 0.9978439807891846, 'id': 3}, {'box': [1030.805419921875, 244.6326904296875, 64.45013427734375, 46.4774169921875], 'conf': 0.48202834, 'label_id': 'cup', 'sub_labels': 'other', 'sub_labels_conf': 0.9996098875999451, 'id': 4}, {'box': [546.3543701171875, 62.142459869384766, 207.64865112304688, 123.3619613647461], 'conf': 0.6402299, 'label_id': 'tv', 'sub_labels': 'other', 'sub_labels_conf': 0.6965159177780151, 'id': 5}, {'box': [430.15130615234375, 314.0235290527344, 333.0722961425781, 168.5568084716797], 'conf': 0.70447, 'label_id': 'laptop', 'sub_labels': 'not_human', 'sub_labels_conf': 0.9999979734420776, 'id': 6}, {'box': [779.3886108398438, 452.6590576171875, 121.416259765625, 179.719482421875], 'conf': 0.4125865, 'label_id': 'backpack', 'sub_labels': 'other', 'sub_labels_conf': 0.7734478116035461, 'id': 9}]"
158,2024/5/22 Wednesday 0:1:1,"[{'box': [472.3216857910156, 194.25732421875, 46.6885986328125, 90.7247314453125], 'conf': 0.9067919, 'label_id': 'cell phone', 'sub_labels': 'other', 'sub_labels_conf': 0.948138952255249, 'id': 1}, {'box': [539.5419921875, 328.1404724121094, 33.57696533203125, 53.5672607421875], 'conf': 0.81716347, 'label_id': 'mouse', 'sub_labels': 'other', 'sub_labels_conf': 0.5467281937599182, 'id': 2}, {'box': [409.50823974609375, 304.60174560546875, 203.00347900390625, 77.044921875], 'conf': 0.70412695, 'label_id': 'keyboard', 'sub_labels': 'not_human', 'sub_labels_conf': 0.9978439807891846, 'id': 3}, {'box': [1030.8023681640625, 244.65577697753906, 64.42730712890625, 46.481231689453125], 'conf': 0.5128901, 'label_id': 'cup', 'sub_labels': 'other', 'sub_labels_conf': 0.9996098875999451, 'id': 4}, {'box': [546.5062255859375, 62.397884368896484, 207.85943603515625, 123.93787384033203], 'conf': 0.63112056, 'label_id': 'tv', 'sub_labels': 'other', 'sub_labels_conf': 0.6965159177780151, 'id': 5}, {'box': [430.25677490234375, 314.13323974609375, 332.7419738769531, 168.66029357910156], 'conf': 0.76135516, 'label_id': 'laptop', 'sub_labels': 'not_human', 'sub_labels_conf': 0.9999979734420776, 'id': 6}, {'box': [778.348876953125, 452.89373779296875, 118.9443359375, 178.05642700195312], 'conf': 0.46522784, 'label_id': 'backpack', 'sub_labels': 'other', 'sub_labels_conf': 0.6916707754135132, 'id': 9}]"
159,2024/5/22 Wednesday 0:1:1,"[{'box': [472.33404541015625, 194.23831176757812, 46.667877197265625, 90.71034240722656], 'conf': 0.9061409, 'label_id': 'cell phone', 'sub_labels': 'other', 'sub_labels_conf': 0.948138952255249, 'id': 1}, {'box': [539.5435791015625, 328.1207580566406, 33.5765380859375, 53.5755615234375], 'conf': 0.83060104, 'label_id': 'mouse', 'sub_labels': 'other', 'sub_labels_conf': 0.5467281937599182, 'id': 2}, {'box': [409.56744384765625, 304.5562744140625, 202.8582763671875, 77.16622924804688], 'conf': 0.70372385, 'label_id': 'keyboard', 'sub_labels': 'not_human', 'sub_labels_conf': 0.9978439807891846, 'id': 3}, {'box': [1030.7879638671875, 244.67074584960938, 64.42816162109375, 46.48710632324219], 'conf': 0.5105519, 'label_id': 'cup', 'sub_labels': 'other', 'sub_labels_conf': 0.9996098875999451, 'id': 4}, {'box': [546.5661010742188, 62.58332443237305, 208.01773071289062, 124.35208892822266], 'conf': 0.6333244, 'label_id': 'tv', 'sub_labels': 'other', 'sub_labels_conf': 0.7483053803443909, 'id': 5}, {'box': [430.331787109375, 314.11968994140625, 332.8679504394531, 168.72122192382812], 'conf': 0.7611541, 'label_id': 'laptop', 'sub_labels': 'not_human', 'sub_labels_conf': 0.9999979734420776, 'id': 6}, {'box': [777.258544921875, 449.56011962890625, 116.98077392578125, 186.3773193359375], 'conf': 0.5598812, 'label_id': 'backpack', 'sub_labels': 'other', 'sub_labels_conf': 0.6459844708442688, 'id': 9}]"
160,2024/5/22 Wednesday 0:1:1,"[{'box': [472.3526611328125, 194.21920776367188, 46.674072265625, 90.72023010253906], 'conf': 0.90766525, 'label_id': 'cell phone', 'sub_labels': 'other', 'sub_labels_conf': 0.948138952255249, 'id': 1}, {'box': [539.556640625, 328.11077880859375, 33.56402587890625, 53.572540283203125], 'conf': 0.8296039, 'label_id': 'mouse', 'sub_labels': 'other', 'sub_labels_conf': 0.5467281937599182, 'id': 2}, {'box': [409.6073303222656, 304.544189453125, 202.81939697265625, 77.16903686523438], 'conf': 0.70476437, 'label_id': 'keyboard', 'sub_labels': 'not_human', 'sub_labels_conf': 0.9978439807891846, 'id': 3}, {'box': [1030.7991943359375, 244.6523895263672, 64.43798828125, 46.493011474609375], 'conf': 0.5008376, 'label_id': 'cup', 'sub_labels': 'other', 'sub_labels_conf': 0.9996098875999451, 'id': 4}, {'box': [546.5866088867188, 62.624385833740234, 208.19009399414062, 124.50487518310547], 'conf': 0.642583, 'label_id': 'tv', 'sub_labels': 'other', 'sub_labels_conf': 0.7483053803443909, 'id': 5}, {'box': [430.43231201171875, 314.167236328125, 332.4989929199219, 168.68817138671875], 'conf': 0.7801297, 'label_id': 'laptop', 'sub_labels': 'not_human', 'sub_labels_conf': 0.9999979734420776, 'id': 6}, {'box': [777.1739501953125, 449.3598937988281, 116.56378173828125, 186.18487548828125], 'conf': 0.53779435, 'label_id': 'backpack', 'sub_labels': 'other', 'sub_labels_conf': 0.6064973473548889, 'id': 9}]"
161,2024/5/22 Wednesday 0:1:1,"[{'box': [472.3825988769531, 194.21450805664062, 46.6954345703125, 90.72813415527344], 'conf': 0.9075513, 'label_id': 'cell phone', 'sub_labels': 'other', 'sub_labels_conf': 0.948138952255249, 'id': 1}, {'box': [539.566650390625, 328.10968017578125, 33.56829833984375, 53.601715087890625], 'conf': 0.8268966, 'label_id': 'mouse', 'sub_labels': 'other', 'sub_labels_conf': 0.5467281937599182, 'id': 2}, {'box': [409.6500244140625, 304.5160217285156, 202.84341430664062, 77.21771240234375], 'conf': 0.7015942, 'label_id': 'keyboard', 'sub_labels': 'not_human', 'sub_labels_conf': 0.9978439807891846, 'id': 3}, {'box': [1030.8046875, 244.6627197265625, 64.42510986328125, 46.48725891113281], 'conf': 0.50773644, 'label_id': 'cup', 'sub_labels': 'other', 'sub_labels_conf': 0.9996098875999451, 'id': 4}, {'box': [546.62109375, 62.63528060913086, 208.29046630859375, 124.5667953491211], 'conf': 0.64127713, 'label_id': 'tv', 'sub_labels': 'other', 'sub_labels_conf': 0.7483053803443909, 'id': 5}, {'box': [430.5181579589844, 314.18878173828125, 332.65472412109375, 168.23614501953125], 'conf': 0.8129298, 'label_id': 'laptop', 'sub_labels': 'not_human', 'sub_labels_conf': 0.9999977350234985, 'id': 6}, {'box': [777.205810546875, 448.9974365234375, 115.19549560546875, 188.43948364257812], 'conf': 0.48220024, 'label_id': 'backpack', 'sub_labels': 'not_human', 'sub_labels_conf': 0.5090286731719971, 'id': 9}]"
162,2024/5/22 Wednesday 0:1:1,"[{'box': [472.3826599121094, 194.2345733642578, 46.70794677734375, 90.74661254882812], 'conf': 0.9071949, 'label_id': 'cell phone', 'sub_labels': 'other', 'sub_labels_conf': 0.948138952255249, 'id': 1}, {'box': [539.5718994140625, 328.142333984375, 33.57733154296875, 53.623931884765625], 'conf': 0.82886094, 'label_id': 'mouse', 'sub_labels': 'other', 'sub_labels_conf': 0.5467281937599182, 'id': 2}, {'box': [409.6666259765625, 304.541259765625, 202.81570434570312, 77.294189453125], 'conf': 0.71319693, 'label_id': 'keyboard', 'sub_labels': 'not_human', 'sub_labels_conf': 0.9978439807891846, 'id': 3}, {'box': [1030.80908203125, 244.65774536132812, 64.4317626953125, 46.48750305175781], 'conf': 0.5151848, 'label_id': 'cup', 'sub_labels': 'other', 'sub_labels_conf': 0.9996098875999451, 'id': 4}, {'box': [546.663330078125, 62.68635559082031, 208.29800415039062, 124.61109924316406], 'conf': 0.63642484, 'label_id': 'tv', 'sub_labels': 'other', 'sub_labels_conf': 0.7483053803443909, 'id': 5}, {'box': [430.5315246582031, 314.17022705078125, 332.83258056640625, 168.54421997070312], 'conf': 0.8076925, 'label_id': 'laptop', 'sub_labels': 'not_human', 'sub_labels_conf': 0.9999978542327881, 'id': 6}, {'box': [777.050048828125, 448.663818359375, 115.39007568359375, 189.49264526367188], 'conf': 0.48781618, 'label_id': 'backpack', 'sub_labels': 'not_human', 'sub_labels_conf': 0.5450990796089172, 'id': 9}]"
163,2024/5/22 Wednesday 0:1:1,"[{'box': [472.36883544921875, 194.26683044433594, 46.7242431640625, 90.74346923828125], 'conf': 0.9078858, 'label_id': 'cell phone', 'sub_labels': 'other', 'sub_labels_conf': 0.948138952255249, 'id': 1}, {'box': [539.5704345703125, 328.1650085449219, 33.58563232421875, 53.6282958984375], 'conf': 0.8347202, 'label_id': 'mouse', 'sub_labels': 'other', 'sub_labels_conf': 0.5467281937599182, 'id': 2}, {'box': [409.62005615234375, 304.556640625, 202.91098022460938, 77.3492431640625], 'conf': 0.7153826, 'label_id': 'keyboard', 'sub_labels': 'not_human', 'sub_labels_conf': 0.9978439807891846, 'id': 3}, {'box': [1030.810546875, 244.64190673828125, 64.43927001953125, 46.4805908203125], 'conf': 0.49831808, 'label_id': 'cup', 'sub_labels': 'other', 'sub_labels_conf': 0.9996098875999451, 'id': 4}, {'box': [546.64404296875, 62.67179870605469, 208.31524658203125, 124.53895568847656], 'conf': 0.64101607, 'label_id': 'tv', 'sub_labels': 'other', 'sub_labels_conf': 0.7483053803443909, 'id': 5}, {'box': [430.48394775390625, 314.1905517578125, 332.7631530761719, 168.57388305664062], 'conf': 0.78225154, 'label_id': 'laptop', 'sub_labels': 'not_human', 'sub_labels_conf': 0.9999978542327881, 'id': 6}, {'box': [777.1238403320312, 447.4062194824219, 113.955078125, 190.29693603515625], 'conf': 0.50290525, 'label_id': 'backpack', 'sub_labels': 'other', 'sub_labels_conf': 0.4795055389404297, 'id': 9}]"
164,2024/5/22 Wednesday 0:1:1,"[{'box': [472.36767578125, 194.26260375976562, 46.7513427734375, 90.76785278320312], 'conf': 0.90780586, 'label_id': 'cell phone', 'sub_labels': 'other', 'sub_labels_conf': 0.948138952255249, 'id': 1}, {'box': [539.56787109375, 328.1681823730469, 33.58673095703125, 53.6356201171875], 'conf': 0.83371145, 'label_id': 'mouse', 'sub_labels': 'other', 'sub_labels_conf': 0.5467281937599182, 'id': 2}, {'box': [409.5335693359375, 304.5247802734375, 203.14895629882812, 77.39178466796875], 'conf': 0.72200036, 'label_id': 'keyboard', 'sub_labels': 'not_human', 'sub_labels_conf': 0.9978439807891846, 'id': 3}, {'box': [1030.809326171875, 244.62860107421875, 64.45367431640625, 46.47200012207031], 'conf': 0.49654505, 'label_id': 'cup', 'sub_labels': 'other', 'sub_labels_conf': 0.9996098875999451, 'id': 4}, {'box': [546.6128540039062, 62.60704803466797, 208.32492065429688, 124.42961120605469], 'conf': 0.62923706, 'label_id': 'tv', 'sub_labels': 'other', 'sub_labels_conf': 0.7645431756973267, 'id': 5}, {'box': [430.440185546875, 314.1331481933594, 332.6430969238281, 168.86834716796875], 'conf': 0.7684193, 'label_id': 'laptop', 'sub_labels': 'not_human', 'sub_labels_conf': 0.9999978542327881, 'id': 6}, {'box': [776.5902099609375, 446.9339599609375, 116.2138671875, 190.48391723632812], 'conf': 0.36161664, 'label_id': 'backpack', 'sub_labels': 'other', 'sub_labels_conf': 0.7972811460494995, 'id': 9}]"
165,2024/5/22 Wednesday 0:1:1,"[{'box': [472.37554931640625, 194.23794555664062, 46.756011962890625, 90.78605651855469], 'conf': 0.9069114, 'label_id': 'cell phone', 'sub_labels': 'other', 'sub_labels_conf': 0.948138952255249, 'id': 1}, {'box': [539.5787353515625, 328.146728515625, 33.569091796875, 53.61346435546875], 'conf': 0.8255573, 'label_id': 'mouse', 'sub_labels': 'other', 'sub_labels_conf': 0.5467281937599182, 'id': 2}, {'box': [409.52001953125, 304.4769287109375, 203.14212036132812, 77.19210815429688], 'conf': 0.71403867, 'label_id': 'keyboard', 'sub_labels': 'not_human', 'sub_labels_conf': 0.9978439807891846, 'id': 3}, {'box': [1030.8070068359375, 244.61090087890625, 64.45648193359375, 46.47404479980469], 'conf': 0.50152016, 'label_id': 'cup', 'sub_labels': 'other', 'sub_labels_conf': 0.9996098875999451, 'id': 4}, {'box': [546.6392211914062, 62.70454406738281, 208.46438598632812, 124.67095947265625], 'conf': 0.63816434, 'label_id': 'tv', 'sub_labels': 'other', 'sub_labels_conf': 0.7645431756973267, 'id': 5}, {'box': [430.30322265625, 314.0599670410156, 332.6161193847656, 168.3382568359375], 'conf': 0.76033825, 'label_id': 'laptop', 'sub_labels': 'not_human', 'sub_labels_conf': 0.9999978542327881, 'id': 6}, {'box': [775.8765869140625, 447.4144287109375, 117.32806396484375, 189.41531372070312], 'conf': 0.3829992, 'label_id': 'backpack', 'sub_labels': 'other', 'sub_labels_conf': 0.6732621192932129, 'id': 9}]"
166,2024/5/22 Wednesday 0:1:1,"[{'box': [472.375732421875, 194.22250366210938, 46.76153564453125, 90.80717468261719], 'conf': 0.9079141, 'label_id': 'cell phone', 'sub_labels': 'other', 'sub_labels_conf': 0.948138952255249, 'id': 1}, {'box': [539.5765380859375, 328.1429443359375, 33.56524658203125, 53.619873046875], 'conf': 0.8102047, 'label_id': 'mouse', 'sub_labels': 'other', 'sub_labels_conf': 0.5467281937599182, 'id': 2}, {'box': [409.54736328125, 304.44342041015625, 203.16470336914062, 77.271484375], 'conf': 0.70399165, 'label_id': 'keyboard', 'sub_labels': 'not_human', 'sub_labels_conf': 0.9978439807891846, 'id': 3}, {'box': [1030.8072509765625, 244.62677001953125, 64.445556640625, 46.47724914550781], 'conf': 0.5158958, 'label_id': 'cup', 'sub_labels': 'other', 'sub_labels_conf': 0.9996098875999451, 'id': 4}, {'box': [546.642822265625, 62.62043380737305, 208.47161865234375, 124.54911041259766], 'conf': 0.628664, 'label_id': 'tv', 'sub_labels': 'other', 'sub_labels_conf': 0.7645431756973267, 'id': 5}, {'box': [430.355712890625, 314.1950988769531, 332.9148864746094, 168.3291015625], 'conf': 0.7418201, 'label_id': 'laptop', 'sub_labels': 'not_human', 'sub_labels_conf': 0.9999978542327881, 'id': 6}, {'box': [776.247314453125, 446.7026062011719, 119.55023193359375, 189.95770263671875], 'conf': 0.42457038, 'label_id': 'backpack', 'sub_labels': 'other', 'sub_labels_conf': 0.7384595274925232, 'id': 9}]"
167,2024/5/22 Wednesday 0:1:1,"[{'box': [472.378662109375, 194.22647094726562, 46.774871826171875, 90.8099365234375], 'conf': 0.9084348, 'label_id': 'cell phone', 'sub_labels': 'other', 'sub_labels_conf': 0.948138952255249, 'id': 1}, {'box': [539.5779418945312, 328.1658935546875, 33.579345703125, 53.628570556640625], 'conf': 0.8166495, 'label_id': 'mouse', 'sub_labels': 'other', 'sub_labels_conf': 0.5467281937599182, 'id': 2}, {'box': [409.5692138671875, 304.40142822265625, 203.16842651367188, 77.38815307617188], 'conf': 0.70742255, 'label_id': 'keyboard', 'sub_labels': 'not_human', 'sub_labels_conf': 0.9978439807891846, 'id': 3}, {'box': [1030.8111572265625, 244.62612915039062, 64.43988037109375, 46.48176574707031], 'conf': 0.5041472, 'label_id': 'cup', 'sub_labels': 'other', 'sub_labels_conf': 0.9996098875999451, 'id': 4}, {'box': [546.6099853515625, 62.57525634765625, 208.35549926757812, 124.41221618652344], 'conf': 0.63051265, 'label_id': 'tv', 'sub_labels': 'other', 'sub_labels_conf': 0.7645431756973267, 'id': 5}, {'box': [430.3632507324219, 314.3183288574219, 333.03656005859375, 168.4793243408203], 'conf': 0.698214, 'label_id': 'laptop', 'sub_labels': 'not_human', 'sub_labels_conf': 0.9999978542327881, 'id': 6}, {'box': [777.5853271484375, 446.4651794433594, 122.55487060546875, 190.26141357421875], 'conf': 0.45215902, 'label_id': 'backpack', 'sub_labels': 'other', 'sub_labels_conf': 0.9439127445220947, 'id': 9}]"
168,2024/5/22 Wednesday 0:1:1,"[{'box': [472.38848876953125, 194.2328643798828, 46.800262451171875, 90.81298828125], 'conf': 0.90777963, 'label_id': 'cell phone', 'sub_labels': 'other', 'sub_labels_conf': 0.948138952255249, 'id': 1}, {'box': [539.5814819335938, 328.1895751953125, 33.585693359375, 53.67108154296875], 'conf': 0.8221319, 'label_id': 'mouse', 'sub_labels': 'other', 'sub_labels_conf': 0.5467281937599182, 'id': 2}, {'box': [409.58929443359375, 304.4092102050781, 203.11697387695312, 77.38037109375], 'conf': 0.7034912, 'label_id': 'keyboard', 'sub_labels': 'not_human', 'sub_labels_conf': 0.9978439807891846, 'id': 3}, {'box': [1030.8138427734375, 244.6165008544922, 64.452392578125, 46.486968994140625], 'conf': 0.50166094, 'label_id': 'cup', 'sub_labels': 'other', 'sub_labels_conf': 0.9996098875999451, 'id': 4}, {'box': [546.613525390625, 62.69550704956055, 208.33062744140625, 124.60457611083984], 'conf': 0.6238908, 'label_id': 'tv', 'sub_labels': 'other', 'sub_labels_conf': 0.7645431756973267, 'id': 5}, {'box': [430.298828125, 314.2115478515625, 333.2646484375, 168.17982482910156], 'conf': 0.724563, 'label_id': 'laptop', 'sub_labels': 'not_human', 'sub_labels_conf': 0.9999977350234985, 'id': 6}, {'box': [777.87939453125, 447.0077209472656, 123.56170654296875, 189.53106689453125], 'conf': 0.3551392, 'label_id': 'backpack', 'sub_labels': 'other', 'sub_labels_conf': 0.8977017402648926, 'id': 9}]"
169,2024/5/22 Wednesday 0:1:1,"[{'box': [472.4086608886719, 194.216552734375, 46.826171875, 90.82843017578125], 'conf': 0.9094704, 'label_id': 'cell phone', 'sub_labels': 'other', 'sub_labels_conf': 0.948138952255249, 'id': 1}, {'box': [539.6019897460938, 328.1757507324219, 33.5919189453125, 53.67626953125], 'conf': 0.81944406, 'label_id': 'mouse', 'sub_labels': 'other', 'sub_labels_conf': 0.5467281937599182, 'id': 2}, {'box': [409.5191650390625, 304.44622802734375, 203.22988891601562, 77.26803588867188], 'conf': 0.72234505, 'label_id': 'keyboard', 'sub_labels': 'not_human', 'sub_labels_conf': 0.9978439807891846, 'id': 3}, {'box': [1030.8250732421875, 244.6227569580078, 64.44659423828125, 46.495574951171875], 'conf': 0.514942, 'label_id': 'cup', 'sub_labels': 'other', 'sub_labels_conf': 0.9996098875999451, 'id': 4}, {'box': [546.6151123046875, 62.59169006347656, 208.28189086914062, 124.37030029296875], 'conf': 0.6286941, 'label_id': 'tv', 'sub_labels': 'other', 'sub_labels_conf': 0.7645431756973267, 'id': 5}, {'box': [430.2216796875, 314.0978088378906, 333.4516906738281, 167.9935302734375], 'conf': 0.6333317, 'label_id': 'laptop', 'sub_labels': 'not_human', 'sub_labels_conf': 0.9999980926513672, 'id': 6}, {'box': [777.558349609375, 447.3069763183594, 122.6387939453125, 188.94244384765625], 'conf': 0.51436776, 'label_id': 'backpack', 'sub_labels': 'other', 'sub_labels_conf': 0.948205292224884, 'id': 9}]"
170,2024/5/22 Wednesday 0:1:1,"[{'box': [472.41259765625, 194.21597290039062, 46.791595458984375, 90.79862976074219], 'conf': 0.9080708, 'label_id': 'cell phone', 'sub_labels': 'other', 'sub_labels_conf': 0.948138952255249, 'id': 1}, {'box': [539.6072998046875, 328.16973876953125, 33.612060546875, 53.707061767578125], 'conf': 0.8221151, 'label_id': 'mouse', 'sub_labels': 'other', 'sub_labels_conf': 0.5467281937599182, 'id': 2}, {'box': [409.5746765136719, 304.46026611328125, 203.060302734375, 77.14505004882812], 'conf': 0.71421576, 'label_id': 'keyboard', 'sub_labels': 'not_human', 'sub_labels_conf': 0.9978439807891846, 'id': 3}, {'box': [1030.8214111328125, 244.63351440429688, 64.43988037109375, 46.49003601074219], 'conf': 0.5282258, 'label_id': 'cup', 'sub_labels': 'other', 'sub_labels_conf': 0.9996098875999451, 'id': 4}, {'box': [546.6121826171875, 62.59097671508789, 208.22882080078125, 124.34659576416016], 'conf': 0.63276947, 'label_id': 'tv', 'sub_labels': 'other', 'sub_labels_conf': 0.7645431756973267, 'id': 5}, {'box': [430.1639099121094, 313.74957275390625, 333.63067626953125, 168.31817626953125], 'conf': 0.67015207, 'label_id': 'laptop', 'sub_labels': 'not_human', 'sub_labels_conf': 0.9999985694885254, 'id': 6}, {'box': [778.1929931640625, 446.3756408691406, 124.78692626953125, 189.90423583984375], 'conf': 0.59236676, 'label_id': 'backpack', 'sub_labels': 'other', 'sub_labels_conf': 0.9506141543388367, 'id': 9}]"
171,2024/5/22 Wednesday 0:1:1,"[{'box': [472.4056396484375, 194.21856689453125, 46.76605224609375, 90.7923583984375], 'conf': 0.90858537, 'label_id': 'cell phone', 'sub_labels': 'other', 'sub_labels_conf': 0.948138952255249, 'id': 1}, {'box': [539.605712890625, 328.1588134765625, 33.6461181640625, 53.74853515625], 'conf': 0.80783343, 'label_id': 'mouse', 'sub_labels': 'other', 'sub_labels_conf': 0.5467281937599182, 'id': 2}, {'box': [409.45703125, 304.51202392578125, 203.29336547851562, 77.02615356445312], 'conf': 0.7334243, 'label_id': 'keyboard', 'sub_labels': 'not_human', 'sub_labels_conf': 0.9978439807891846, 'id': 3}, {'box': [1030.8238525390625, 244.65682983398438, 64.42803955078125, 46.4783935546875], 'conf': 0.5316511, 'label_id': 'cup', 'sub_labels': 'other', 'sub_labels_conf': 0.9996098875999451, 'id': 4}, {'box': [546.5064697265625, 62.45414733886719, 208.09719848632812, 124.03599548339844], 'conf': 0.6203797, 'label_id': 'tv', 'sub_labels': 'other', 'sub_labels_conf': 0.7645431756973267, 'id': 5}, {'box': [430.02777099609375, 313.6849365234375, 333.5243225097656, 169.02401733398438], 'conf': 0.6497625, 'label_id': 'laptop', 'sub_labels': 'not_human', 'sub_labels_conf': 0.9999986886978149, 'id': 6}, {'box': [777.9124755859375, 446.90106201171875, 124.41070556640625, 188.01437377929688], 'conf': 0.67484564, 'label_id': 'backpack', 'sub_labels': 'other', 'sub_labels_conf': 0.9375371336936951, 'id': 9}]"
172,2024/5/22 Wednesday 0:1:1,"[{'box': [472.4029541015625, 194.22401428222656, 46.755950927734375, 90.78738403320312], 'conf': 0.90830094, 'label_id': 'cell phone', 'sub_labels': 'other', 'sub_labels_conf': 0.948138952255249, 'id': 1}, {'box': [539.6134033203125, 328.1491394042969, 33.63623046875, 53.7430419921875], 'conf': 0.8019121, 'label_id': 'mouse', 'sub_labels': 'other', 'sub_labels_conf': 0.5467281937599182, 'id': 2}, {'box': [409.43853759765625, 304.5343017578125, 203.41213989257812, 77.06546020507812], 'conf': 0.73053604, 'label_id': 'keyboard', 'sub_labels': 'not_human', 'sub_labels_conf': 0.9978439807891846, 'id': 3}, {'box': [1030.8245849609375, 244.6593017578125, 64.420654296875, 46.4749755859375], 'conf': 0.52260405, 'label_id': 'cup', 'sub_labels': 'other', 'sub_labels_conf': 0.9996098875999451, 'id': 4}, {'box': [546.4971313476562, 62.44710159301758, 208.17001342773438, 124.03800201416016], 'conf': 0.6225195, 'label_id': 'tv', 'sub_labels': 'other', 'sub_labels_conf': 0.7645431756973267, 'id': 5}, {'box': [430.01361083984375, 313.8662109375, 333.1121826171875, 168.6623992919922], 'conf': 0.6831239, 'label_id': 'laptop', 'sub_labels': 'not_human', 'sub_labels_conf': 0.9999986886978149, 'id': 6}, {'box': [778.1046142578125, 446.0078430175781, 124.98095703125, 189.40264892578125], 'conf': 0.6551818, 'label_id': 'backpack', 'sub_labels': 'other', 'sub_labels_conf': 0.9496387243270874, 'id': 9}]"
173,2024/5/22 Wednesday 0:1:1,"[{'box': [472.4320068359375, 194.2003936767578, 46.783233642578125, 90.82659912109375], 'conf': 0.9085834, 'label_id': 'cell phone', 'sub_labels': 'other', 'sub_labels_conf': 0.948138952255249, 'id': 1}, {'box': [539.6328735351562, 328.1115417480469, 33.625244140625, 53.72967529296875], 'conf': 0.7976664, 'label_id': 'mouse', 'sub_labels': 'other', 'sub_labels_conf': 0.5467281937599182, 'id': 2}, {'box': [409.4324035644531, 304.51495361328125, 203.5362548828125, 77.043212890625], 'conf': 0.7266715, 'label_id': 'keyboard', 'sub_labels': 'not_human', 'sub_labels_conf': 0.9978439807891846, 'id': 3}, {'box': [1030.82421875, 244.67324829101562, 64.4075927734375, 46.46905517578125], 'conf': 0.53618646, 'label_id': 'cup', 'sub_labels': 'other', 'sub_labels_conf': 0.9996098875999451, 'id': 4}, {'box': [546.5020141601562, 62.3275260925293, 208.22579956054688, 123.84061431884766], 'conf': 0.6098442, 'label_id': 'tv', 'sub_labels': 'other', 'sub_labels_conf': 0.688847005367279, 'id': 5}, {'box': [429.97119140625, 313.70574951171875, 333.1409606933594, 168.74441528320312], 'conf': 0.6172669, 'label_id': 'laptop', 'sub_labels': 'not_human', 'sub_labels_conf': 0.9999982118606567, 'id': 6}, {'box': [777.9009399414062, 445.524658203125, 124.624755859375, 191.17080688476562], 'conf': 0.6991652, 'label_id': 'backpack', 'sub_labels': 'other', 'sub_labels_conf': 0.9291411638259888, 'id': 9}]"
174,2024/5/22 Wednesday 0:1:1,"[{'box': [472.3841247558594, 194.20742797851562, 46.76409912109375, 90.82508850097656], 'conf': 0.90879506, 'label_id': 'cell phone', 'sub_labels': 'other', 'sub_labels_conf': 0.948138952255249, 'id': 1}, {'box': [539.5980224609375, 328.11212158203125, 33.6279296875, 53.7001953125], 'conf': 0.80602264, 'label_id': 'mouse', 'sub_labels': 'other', 'sub_labels_conf': 0.5467281937599182, 'id': 2}, {'box': [409.3966064453125, 304.4920654296875, 203.45101928710938, 76.99777221679688], 'conf': 0.71934736, 'label_id': 'keyboard', 'sub_labels': 'not_human', 'sub_labels_conf': 0.9978439807891846, 'id': 3}, {'box': [1030.8240966796875, 244.66360473632812, 64.416015625, 46.47691345214844], 'conf': 0.5396764, 'label_id': 'cup', 'sub_labels': 'other', 'sub_labels_conf': 0.9996098875999451, 'id': 4}, {'box': [546.483642578125, 62.27058792114258, 208.19757080078125, 123.72754669189453], 'conf': 0.6183088, 'label_id': 'tv', 'sub_labels': 'other', 'sub_labels_conf': 0.688847005367279, 'id': 5}, {'box': [429.83184814453125, 313.5275573730469, 333.4013977050781, 168.92088317871094], 'conf': 0.6171909, 'label_id': 'laptop', 'sub_labels': 'not_human', 'sub_labels_conf': 0.9999983310699463, 'id': 6}, {'box': [778.016357421875, 445.38836669921875, 124.84771728515625, 190.96640014648438], 'conf': 0.6284022, 'label_id': 'backpack', 'sub_labels': 'other', 'sub_labels_conf': 0.8996196985244751, 'id': 9}]"
175,2024/5/22 Wednesday 0:1:2,"[{'box': [472.36962890625, 194.2659454345703, 46.746826171875, 90.72097778320312], 'conf': 0.9061521, 'label_id': 'cell phone', 'sub_labels': 'other', 'sub_labels_conf': 0.9498175382614136, 'id': 1}, {'box': [539.5841064453125, 328.1248779296875, 33.646240234375, 53.69921875], 'conf': 0.81496173, 'label_id': 'mouse', 'sub_labels': 'other', 'sub_labels_conf': 0.5467281937599182, 'id': 2}, {'box': [409.43218994140625, 304.5081787109375, 203.2791748046875, 77.00497436523438], 'conf': 0.7186803, 'label_id': 'keyboard', 'sub_labels': 'not_human', 'sub_labels_conf': 0.9978439807891846, 'id': 3}, {'box': [1030.8154296875, 244.67733764648438, 64.40936279296875, 46.47953796386719], 'conf': 0.55171937, 'label_id': 'cup', 'sub_labels': 'other', 'sub_labels_conf': 0.9996098875999451, 'id': 4}, {'box': [546.4995727539062, 62.29281997680664, 208.1607666015625, 123.76326751708984], 'conf': 0.6069264, 'label_id': 'tv', 'sub_labels': 'other', 'sub_labels_conf': 0.688847005367279, 'id': 5}, {'box': [429.92010498046875, 313.6696472167969, 332.926513671875, 169.24993896484375], 'conf': 0.70692456, 'label_id': 'laptop', 'sub_labels': 'not_human', 'sub_labels_conf': 0.9999983310699463, 'id': 6}, {'box': [777.75390625, 445.34320068359375, 124.99945068359375, 190.197021484375], 'conf': 0.5503423, 'label_id': 'backpack', 'sub_labels': 'other', 'sub_labels_conf': 0.8615952134132385, 'id': 9}]"
176,2024/5/22 Wednesday 0:1:2,"[{'box': [472.36920166015625, 194.2972412109375, 46.7413330078125, 90.67857360839844], 'conf': 0.9065389, 'label_id': 'cell phone', 'sub_labels': 'other', 'sub_labels_conf': 0.9498175382614136, 'id': 1}, {'box': [539.5819702148438, 328.13037109375, 33.6678466796875, 53.6434326171875], 'conf': 0.8352279, 'label_id': 'mouse', 'sub_labels': 'other', 'sub_labels_conf': 0.5467281937599182, 'id': 2}, {'box': [409.53094482421875, 304.4944763183594, 203.11557006835938, 77.09649658203125], 'conf': 0.71531874, 'label_id': 'keyboard', 'sub_labels': 'not_human', 'sub_labels_conf': 0.9978439807891846, 'id': 3}, {'box': [1030.808349609375, 244.66525268554688, 64.4188232421875, 46.4822998046875], 'conf': 0.5373405, 'label_id': 'cup', 'sub_labels': 'other', 'sub_labels_conf': 0.9996098875999451, 'id': 4}, {'box': [546.4525146484375, 62.013771057128906, 208.0054931640625, 123.18995666503906], 'conf': 0.6077205, 'label_id': 'tv', 'sub_labels': 'other', 'sub_labels_conf': 0.6911543011665344, 'id': 5}, {'box': [429.8758544921875, 313.5097961425781, 332.4925842285156, 169.3575897216797], 'conf': 0.6441744, 'label_id': 'laptop', 'sub_labels': 'not_human', 'sub_labels_conf': 0.9999982118606567, 'id': 6}, {'box': [778.9713134765625, 444.80975341796875, 127.54522705078125, 190.50277709960938], 'conf': 0.5220402, 'label_id': 'backpack', 'sub_labels': 'other', 'sub_labels_conf': 0.9248769283294678, 'id': 9}]"
177,2024/5/22 Wednesday 0:1:2,"[{'box': [472.42486572265625, 194.4061279296875, 46.83441162109375, 90.44480895996094], 'conf': 0.9074894, 'label_id': 'cell phone', 'sub_labels': 'other', 'sub_labels_conf': 0.9492068290710449, 'id': 1}, {'box': [539.6018676757812, 328.115478515625, 33.6705322265625, 53.60687255859375], 'conf': 0.8283299, 'label_id': 'mouse', 'sub_labels': 'other', 'sub_labels_conf': 0.5467281937599182, 'id': 2}, {'box': [409.5275573730469, 304.4395751953125, 203.1759033203125, 77.09127807617188], 'conf': 0.7254798, 'label_id': 'keyboard', 'sub_labels': 'not_human', 'sub_labels_conf': 0.9978439807891846, 'id': 3}, {'box': [1030.80712890625, 244.6678009033203, 64.41558837890625, 46.480438232421875], 'conf': 0.5502194, 'label_id': 'cup', 'sub_labels': 'other', 'sub_labels_conf': 0.9996098875999451, 'id': 4}, {'box': [546.2801513671875, 62.10961151123047, 208.18365478515625, 123.41355895996094], 'conf': 0.60456896, 'label_id': 'tv', 'sub_labels': 'other', 'sub_labels_conf': 0.6911543011665344, 'id': 5}, {'box': [429.9317626953125, 313.4510498046875, 332.4990234375, 169.00526428222656], 'conf': 0.67713577, 'label_id': 'laptop', 'sub_labels': 'not_human', 'sub_labels_conf': 0.9999985694885254, 'id': 6}, {'box': [779.814453125, 443.5020751953125, 129.36541748046875, 192.65017700195312], 'conf': 0.470956, 'label_id': 'backpack', 'sub_labels': 'other', 'sub_labels_conf': 0.883109450340271, 'id': 9}]"
178,2024/5/22 Wednesday 0:1:2,"[{'box': [472.4407653808594, 194.4739227294922, 46.881103515625, 90.3563232421875], 'conf': 0.90724355, 'label_id': 'cell phone', 'sub_labels': 'other', 'sub_labels_conf': 0.9492068290710449, 'id': 1}, {'box': [539.6033325195312, 328.134033203125, 33.6578369140625, 53.57781982421875], 'conf': 0.8273248, 'label_id': 'mouse', 'sub_labels': 'other', 'sub_labels_conf': 0.5467281937599182, 'id': 2}, {'box': [409.49493408203125, 304.4693298339844, 203.27169799804688, 77.04754638671875], 'conf': 0.7221655, 'label_id': 'keyboard', 'sub_labels': 'not_human', 'sub_labels_conf': 0.9978439807891846, 'id': 3}, {'box': [1030.8072509765625, 244.68051147460938, 64.41876220703125, 46.47023010253906], 'conf': 0.55137116, 'label_id': 'cup', 'sub_labels': 'other', 'sub_labels_conf': 0.9996098875999451, 'id': 4}, {'box': [546.2586669921875, 62.18553161621094, 208.39801025390625, 123.5650634765625], 'conf': 0.60646975, 'label_id': 'tv', 'sub_labels': 'other', 'sub_labels_conf': 0.6911543011665344, 'id': 5}, {'box': [429.91552734375, 313.5545349121094, 332.6921081542969, 168.99668884277344], 'conf': 0.68003345, 'label_id': 'laptop', 'sub_labels': 'not_human', 'sub_labels_conf': 0.9999983310699463, 'id': 6}, {'box': [781.0357666015625, 442.7408142089844, 132.0924072265625, 194.65057373046875], 'conf': 0.3783293, 'label_id': 'backpack', 'sub_labels': 'other', 'sub_labels_conf': 0.66157066822052, 'id': 9}]"
179,2024/5/22 Wednesday 0:1:2,"[{'box': [472.4478759765625, 194.50375366210938, 46.889068603515625, 90.33779907226562], 'conf': 0.90790755, 'label_id': 'cell phone', 'sub_labels': 'other', 'sub_labels_conf': 0.9492068290710449, 'id': 1}, {'box': [539.6101684570312, 328.1548156738281, 33.636962890625, 53.53985595703125], 'conf': 0.82753867, 'label_id': 'mouse', 'sub_labels': 'other', 'sub_labels_conf': 0.5467281937599182, 'id': 2}, {'box': [409.5392150878906, 304.4764709472656, 203.20587158203125, 77.06951904296875], 'conf': 0.71488136, 'label_id': 'keyboard', 'sub_labels': 'not_human', 'sub_labels_conf': 0.9978439807891846, 'id': 3}, {'box': [1030.798828125, 244.68804931640625, 64.4173583984375, 46.48638916015625], 'conf': 0.56307185, 'label_id': 'cup', 'sub_labels': 'other', 'sub_labels_conf': 0.9996098875999451, 'id': 4}, {'box': [546.291259765625, 62.24288558959961, 208.50482177734375, 123.64531707763672], 'conf': 0.6053471, 'label_id': 'tv', 'sub_labels': 'other', 'sub_labels_conf': 0.6911543011665344, 'id': 5}, {'box': [429.96209716796875, 313.6589050292969, 332.9046325683594, 169.14727783203125], 'conf': 0.71016616, 'label_id': 'laptop', 'sub_labels': 'not_human', 'sub_labels_conf': 0.9999982118606567, 'id': 6}, {'box': [782.6622314453125, 442.394775390625, 135.621826171875, 195.307373046875], 'conf': 0.32418913, 'label_id': 'backpack', 'sub_labels': 'other', 'sub_labels_conf': 0.5879881978034973, 'id': 9}]"
180,2024/5/22 Wednesday 0:1:2,"[{'box': [472.4217529296875, 194.50180053710938, 46.920379638671875, 90.35169982910156], 'conf': 0.90712416, 'label_id': 'cell phone', 'sub_labels': 'other', 'sub_labels_conf': 0.9492068290710449, 'id': 1}, {'box': [539.582275390625, 328.1900634765625, 33.67620849609375, 53.657012939453125], 'conf': 0.81247354, 'label_id': 'mouse', 'sub_labels': 'other', 'sub_labels_conf': 0.5467281937599182, 'id': 2}, {'box': [409.65570068359375, 304.4674072265625, 202.84478759765625, 77.08798217773438], 'conf': 0.69740194, 'label_id': 'keyboard', 'sub_labels': 'not_human', 'sub_labels_conf': 0.9978439807891846, 'id': 3}, {'box': [1030.7916259765625, 244.6812286376953, 64.42303466796875, 46.506378173828125], 'conf': 0.56964374, 'label_id': 'cup', 'sub_labels': 'other', 'sub_labels_conf': 0.9996098875999451, 'id': 4}, {'box': [546.2841796875, 62.28642654418945, 208.53854370117188, 123.7328872680664], 'conf': 0.59592694, 'label_id': 'tv', 'sub_labels': 'other', 'sub_labels_conf': 0.6911543011665344, 'id': 5}, {'box': [430.029052734375, 313.5870056152344, 333.3636779785156, 168.7867431640625], 'conf': 0.7308213, 'label_id': 'laptop', 'sub_labels': 'not_human', 'sub_labels_conf': 0.9999983310699463, 'id': 6}, {'box': [781.6759033203125, 442.8725280761719, 133.13763427734375, 194.24041748046875], 'conf': 0.22907014, 'label_id': 'backpack', 'sub_labels': 'other', 'sub_labels_conf': 0.6060946583747864, 'id': 9}]"
181,2024/5/22 Wednesday 0:1:2,"[{'box': [472.4296569824219, 194.49998474121094, 46.92108154296875, 90.3446044921875], 'conf': 0.9073044, 'label_id': 'cell phone', 'sub_labels': 'other', 'sub_labels_conf': 0.9492068290710449, 'id': 1}, {'box': [539.587158203125, 328.1741638183594, 33.6812744140625, 53.661376953125], 'conf': 0.8265858, 'label_id': 'mouse', 'sub_labels': 'other', 'sub_labels_conf': 0.5467281937599182, 'id': 2}, {'box': [409.6195068359375, 304.4571228027344, 202.94296264648438, 77.067138671875], 'conf': 0.70559037, 'label_id': 'keyboard', 'sub_labels': 'not_human', 'sub_labels_conf': 0.9978439807891846, 'id': 3}, {'box': [1030.793701171875, 244.69833374023438, 64.41204833984375, 46.5223388671875], 'conf': 0.5704706, 'label_id': 'cup', 'sub_labels': 'other', 'sub_labels_conf': 0.9996098875999451, 'id': 4}, {'box': [546.2472534179688, 62.300838470458984, 208.4942626953125, 123.78580474853516], 'conf': 0.5914202, 'label_id': 'tv', 'sub_labels': 'other', 'sub_labels_conf': 0.6911543011665344, 'id': 5}, {'box': [429.9791259765625, 313.39459228515625, 333.5262451171875, 168.6175994873047], 'conf': 0.70334476, 'label_id': 'laptop', 'sub_labels': 'not_human', 'sub_labels_conf': 0.9999982118606567, 'id': 6}, {'box': [779.9339599609375, 445.5968017578125, 127.4068603515625, 188.95419311523438], 'conf': 0.25529036, 'label_id': 'backpack', 'sub_labels': 'other', 'sub_labels_conf': 0.8934675455093384, 'id': 9}]"
182,2024/5/22 Wednesday 0:1:2,"[{'box': [472.44647216796875, 194.50094604492188, 46.936859130859375, 90.33782958984375], 'conf': 0.90811974, 'label_id': 'cell phone', 'sub_labels': 'other', 'sub_labels_conf': 0.9492068290710449, 'id': 1}, {'box': [539.5908203125, 328.181396484375, 33.69378662109375, 53.675201416015625], 'conf': 0.82791036, 'label_id': 'mouse', 'sub_labels': 'other', 'sub_labels_conf': 0.5467281937599182, 'id': 2}, {'box': [409.6531677246094, 304.4232482910156, 202.947021484375, 77.13031005859375], 'conf': 0.7129908, 'label_id': 'keyboard', 'sub_labels': 'not_human', 'sub_labels_conf': 0.9978439807891846, 'id': 3}, {'box': [1030.797607421875, 244.67721557617188, 64.42938232421875, 46.54277038574219], 'conf': 0.5296049, 'label_id': 'cup', 'sub_labels': 'other', 'sub_labels_conf': 0.9996098875999451, 'id': 4}, {'box': [546.2720947265625, 62.33248519897461, 208.49945068359375, 123.86568450927734], 'conf': 0.58917785, 'label_id': 'tv', 'sub_labels': 'other', 'sub_labels_conf': 0.6911543011665344, 'id': 5}, {'box': [429.99871826171875, 313.11285400390625, 333.3707580566406, 168.70590209960938], 'conf': 0.7345747, 'label_id': 'laptop', 'sub_labels': 'not_human', 'sub_labels_conf': 0.9999982118606567, 'id': 6}, {'box': [778.6610717773438, 446.4810791015625, 124.4864501953125, 186.23828125], 'conf': 0.32058, 'label_id': 'backpack', 'sub_labels': 'other', 'sub_labels_conf': 0.9032843708992004, 'id': 9}]"
183,2024/5/22 Wednesday 0:1:2,"[{'box': [472.44122314453125, 194.50991821289062, 46.928192138671875, 90.32279968261719], 'conf': 0.9087785, 'label_id': 'cell phone', 'sub_labels': 'other', 'sub_labels_conf': 0.9492068290710449, 'id': 1}, {'box': [539.58349609375, 328.16876220703125, 33.70025634765625, 53.632293701171875], 'conf': 0.8524001, 'label_id': 'mouse', 'sub_labels': 'other', 'sub_labels_conf': 0.5467281937599182, 'id': 2}, {'box': [409.561279296875, 304.43377685546875, 203.22686767578125, 77.12005615234375], 'conf': 0.73688334, 'label_id': 'keyboard', 'sub_labels': 'not_human', 'sub_labels_conf': 0.9978439807891846, 'id': 3}, {'box': [1030.79052734375, 244.66964721679688, 64.43780517578125, 46.5223388671875], 'conf': 0.52971005, 'label_id': 'cup', 'sub_labels': 'other', 'sub_labels_conf': 0.9996098875999451, 'id': 4}, {'box': [546.2188720703125, 62.397117614746094, 208.48980712890625, 123.98724365234375], 'conf': 0.5999646, 'label_id': 'tv', 'sub_labels': 'other', 'sub_labels_conf': 0.6911543011665344, 'id': 5}, {'box': [429.78851318359375, 312.9068603515625, 332.8562927246094, 168.80601501464844], 'conf': 0.7127859, 'label_id': 'laptop', 'sub_labels': 'not_human', 'sub_labels_conf': 0.9999979734420776, 'id': 6}, {'box': [779.4730224609375, 445.07373046875, 124.38165283203125, 189.06167602539062], 'conf': 0.36674705, 'label_id': 'backpack', 'sub_labels': 'other', 'sub_labels_conf': 0.8298581838607788, 'id': 9}]"
184,2024/5/22 Wednesday 0:1:2,"[{'box': [472.4273681640625, 194.483154296875, 46.911834716796875, 90.33204650878906], 'conf': 0.90831244, 'label_id': 'cell phone', 'sub_labels': 'other', 'sub_labels_conf': 0.9492068290710449, 'id': 1}, {'box': [539.571044921875, 328.14544677734375, 33.7122802734375, 53.629913330078125], 'conf': 0.8405862, 'label_id': 'mouse', 'sub_labels': 'other', 'sub_labels_conf': 0.5467281937599182, 'id': 2}, {'box': [409.44659423828125, 304.42529296875, 203.38204956054688, 77.00289916992188], 'conf': 0.7433293, 'label_id': 'keyboard', 'sub_labels': 'not_human', 'sub_labels_conf': 0.9978439807891846, 'id': 3}, {'box': [1030.7886962890625, 244.65316772460938, 64.444580078125, 46.5078125], 'conf': 0.51903015, 'label_id': 'cup', 'sub_labels': 'other', 'sub_labels_conf': 0.9996098875999451, 'id': 4}, {'box': [546.1103515625, 62.31105041503906, 208.464111328125, 123.890869140625], 'conf': 0.60363925, 'label_id': 'tv', 'sub_labels': 'other', 'sub_labels_conf': 0.6911543011665344, 'id': 5}, {'box': [429.7215576171875, 313.20135498046875, 332.59765625, 168.08697509765625], 'conf': 0.7346764, 'label_id': 'laptop', 'sub_labels': 'not_human', 'sub_labels_conf': 0.9999984502792358, 'id': 6}, {'box': [779.396484375, 444.9461669921875, 122.4088134765625, 191.01559448242188], 'conf': 0.4442496, 'label_id': 'backpack', 'sub_labels': 'other', 'sub_labels_conf': 0.916728675365448, 'id': 9}]"
185,2024/5/22 Wednesday 0:1:2,"[{'box': [472.42608642578125, 194.46311950683594, 46.890716552734375, 90.36373901367188], 'conf': 0.90739685, 'label_id': 'cell phone', 'sub_labels': 'other', 'sub_labels_conf': 0.9492068290710449, 'id': 1}, {'box': [539.5643310546875, 328.16326904296875, 33.7330322265625, 53.6639404296875], 'conf': 0.8355765, 'label_id': 'mouse', 'sub_labels': 'other', 'sub_labels_conf': 0.5467281937599182, 'id': 2}, {'box': [409.4635314941406, 304.48712158203125, 203.277587890625, 76.93240356445312], 'conf': 0.7368749, 'label_id': 'keyboard', 'sub_labels': 'not_human', 'sub_labels_conf': 0.9978439807891846, 'id': 3}, {'box': [1030.7933349609375, 244.64288330078125, 64.45318603515625, 46.50004577636719], 'conf': 0.5145141, 'label_id': 'cup', 'sub_labels': 'other', 'sub_labels_conf': 0.9996098875999451, 'id': 4}, {'box': [546.0955200195312, 62.289058685302734, 208.39517211914062, 123.84735870361328], 'conf': 0.5983177, 'label_id': 'tv', 'sub_labels': 'other', 'sub_labels_conf': 0.6911543011665344, 'id': 5}, {'box': [429.73773193359375, 313.03997802734375, 332.6062927246094, 168.2906951904297], 'conf': 0.72631145, 'label_id': 'laptop', 'sub_labels': 'not_human', 'sub_labels_conf': 0.9999983310699463, 'id': 6}, {'box': [779.5675048828125, 445.24237060546875, 120.85357666015625, 191.474365234375], 'conf': 0.4598039, 'label_id': 'backpack', 'sub_labels': 'other', 'sub_labels_conf': 0.651156485080719, 'id': 9}]"
186,2024/5/22 Wednesday 0:1:2,"[{'box': [472.4360046386719, 194.46160888671875, 46.91796875, 90.36856079101562], 'conf': 0.90899974, 'label_id': 'cell phone', 'sub_labels': 'other', 'sub_labels_conf': 0.9492068290710449, 'id': 1}, {'box': [539.5708618164062, 328.16827392578125, 33.712890625, 53.649993896484375], 'conf': 0.82379097, 'label_id': 'mouse', 'sub_labels': 'other', 'sub_labels_conf': 0.5467281937599182, 'id': 2}, {'box': [409.3716735839844, 304.5389404296875, 203.41943359375, 76.87661743164062], 'conf': 0.74974984, 'label_id': 'keyboard', 'sub_labels': 'not_human', 'sub_labels_conf': 0.9978439807891846, 'id': 3}, {'box': [1030.7899169921875, 244.63987731933594, 64.45892333984375, 46.506011962890625], 'conf': 0.50929546, 'label_id': 'cup', 'sub_labels': 'other', 'sub_labels_conf': 0.9996098875999451, 'id': 4}, {'box': [546.0919189453125, 62.26805877685547, 208.36007690429688, 123.80854797363281], 'conf': 0.60899186, 'label_id': 'tv', 'sub_labels': 'other', 'sub_labels_conf': 0.6911543011665344, 'id': 5}, {'box': [429.72308349609375, 313.0276794433594, 332.7322692871094, 168.67762756347656], 'conf': 0.6575308, 'label_id': 'laptop', 'sub_labels': 'not_human', 'sub_labels_conf': 0.9999983310699463, 'id': 6}, {'box': [779.4488525390625, 445.45166015625, 119.90521240234375, 191.8175048828125], 'conf': 0.42931232, 'label_id': 'backpack', 'sub_labels': 'other', 'sub_labels_conf': 0.5095611810684204, 'id': 9}]"
187,2024/5/22 Wednesday 0:1:2,"[{'box': [472.437255859375, 194.43321228027344, 46.906524658203125, 90.35702514648438], 'conf': 0.9094472, 'label_id': 'cell phone', 'sub_labels': 'other', 'sub_labels_conf': 0.9492068290710449, 'id': 1}, {'box': [539.572509765625, 328.14337158203125, 33.7099609375, 53.668060302734375], 'conf': 0.81994486, 'label_id': 'mouse', 'sub_labels': 'other', 'sub_labels_conf': 0.5467281937599182, 'id': 2}, {'box': [409.3517761230469, 304.5929260253906, 203.35125732421875, 76.7685546875], 'conf': 0.74672025, 'label_id': 'keyboard', 'sub_labels': 'not_human', 'sub_labels_conf': 0.9978439807891846, 'id': 3}, {'box': [1030.7919921875, 244.6490936279297, 64.45880126953125, 46.501007080078125], 'conf': 0.5122606, 'label_id': 'cup', 'sub_labels': 'other', 'sub_labels_conf': 0.9996098875999451, 'id': 4}, {'box': [546.0757446289062, 62.32926940917969, 208.55764770507812, 123.94242858886719], 'conf': 0.61534464, 'label_id': 'tv', 'sub_labels': 'other', 'sub_labels_conf': 0.6911543011665344, 'id': 5}, {'box': [429.6226501464844, 312.6820068359375, 333.30438232421875, 169.55484008789062], 'conf': 0.66346514, 'label_id': 'laptop', 'sub_labels': 'not_human', 'sub_labels_conf': 0.9999978542327881, 'id': 6}, {'box': [779.3118896484375, 445.41082763671875, 120.00103759765625, 192.25381469726562], 'conf': 0.6268286, 'label_id': 'backpack', 'sub_labels': 'other', 'sub_labels_conf': 0.5184734463691711, 'id': 9}]"
188,2024/5/22 Wednesday 0:1:2,"[{'box': [472.446044921875, 194.41748046875, 46.91473388671875, 90.37223815917969], 'conf': 0.9101943, 'label_id': 'cell phone', 'sub_labels': 'other', 'sub_labels_conf': 0.9492068290710449, 'id': 1}, {'box': [539.5751953125, 328.1400146484375, 33.7066650390625, 53.648773193359375], 'conf': 0.823539, 'label_id': 'mouse', 'sub_labels': 'other', 'sub_labels_conf': 0.5467281937599182, 'id': 2}, {'box': [409.31072998046875, 304.61785888671875, 203.38833618164062, 76.73941040039062], 'conf': 0.7542798, 'label_id': 'keyboard', 'sub_labels': 'not_human', 'sub_labels_conf': 0.9978439807891846, 'id': 3}, {'box': [1030.8017578125, 244.57151794433594, 64.44781494140625, 46.582733154296875], 'conf': 0.40806574, 'label_id': 'cup', 'sub_labels': 'other', 'sub_labels_conf': 0.9996098875999451, 'id': 4}, {'box': [546.1400756835938, 62.355621337890625, 208.73471069335938, 124.03041076660156], 'conf': 0.61525154, 'label_id': 'tv', 'sub_labels': 'other', 'sub_labels_conf': 0.7668396830558777, 'id': 5}, {'box': [429.6409606933594, 312.8610534667969, 333.43414306640625, 169.4888153076172], 'conf': 0.64043057, 'label_id': 'laptop', 'sub_labels': 'not_human', 'sub_labels_conf': 0.999997615814209, 'id': 6}, {'box': [779.38427734375, 445.916748046875, 120.00177001953125, 191.91567993164062], 'conf': 0.61475486, 'label_id': 'backpack', 'sub_labels': 'other', 'sub_labels_conf': 0.5680516958236694, 'id': 9}]"
189,2024/5/22 Wednesday 0:1:2,"[{'box': [472.4424743652344, 194.43014526367188, 46.9068603515625, 90.36573791503906], 'conf': 0.9100055, 'label_id': 'cell phone', 'sub_labels': 'other', 'sub_labels_conf': 0.9492068290710449, 'id': 1}, {'box': [539.57763671875, 328.16522216796875, 33.6807861328125, 53.64306640625], 'conf': 0.81983465, 'label_id': 'mouse', 'sub_labels': 'other', 'sub_labels_conf': 0.5467281937599182, 'id': 2}, {'box': [409.31097412109375, 304.66607666015625, 203.41494750976562, 76.82354736328125], 'conf': 0.75508434, 'label_id': 'keyboard', 'sub_labels': 'not_human', 'sub_labels_conf': 0.9978439807891846, 'id': 3}, {'box': [1030.803466796875, 244.52133178710938, 64.4483642578125, 46.62156677246094], 'conf': 0.39242926, 'label_id': 'cup', 'sub_labels': 'other', 'sub_labels_conf': 0.9996098875999451, 'id': 4}, {'box': [546.1972045898438, 62.409934997558594, 208.76705932617188, 124.10762023925781], 'conf': 0.607785, 'label_id': 'tv', 'sub_labels': 'other', 'sub_labels_conf': 0.7668396830558777, 'id': 5}, {'box': [429.70166015625, 312.69775390625, 333.4433898925781, 169.29714965820312], 'conf': 0.66973376, 'label_id': 'laptop', 'sub_labels': 'not_human', 'sub_labels_conf': 0.9999973773956299, 'id': 6}, {'box': [779.8018188476562, 445.76708984375, 120.792724609375, 191.93838500976562], 'conf': 0.5981189, 'label_id': 'backpack', 'sub_labels': 'other', 'sub_labels_conf': 0.5907548069953918, 'id': 9}]"
190,2024/5/22 Wednesday 0:1:2,"[{'box': [472.4320068359375, 194.4532470703125, 46.898284912109375, 90.35696411132812], 'conf': 0.90855515, 'label_id': 'cell phone', 'sub_labels': 'other', 'sub_labels_conf': 0.9492068290710449, 'id': 1}, {'box': [539.5772094726562, 328.205322265625, 33.6556396484375, 53.658050537109375], 'conf': 0.81147295, 'label_id': 'mouse', 'sub_labels': 'other', 'sub_labels_conf': 0.5467281937599182, 'id': 2}, {'box': [409.324951171875, 304.7066650390625, 203.32916259765625, 76.88674926757812], 'conf': 0.7372456, 'label_id': 'keyboard', 'sub_labels': 'not_human', 'sub_labels_conf': 0.9978439807891846, 'id': 3}, {'box': [1030.8070068359375, 244.50665283203125, 64.44342041015625, 46.62828063964844], 'conf': 0.3939028, 'label_id': 'cup', 'sub_labels': 'other', 'sub_labels_conf': 0.9996098875999451, 'id': 4}, {'box': [546.211181640625, 62.42633056640625, 208.75448608398438, 124.11640930175781], 'conf': 0.6024875, 'label_id': 'tv', 'sub_labels': 'other', 'sub_labels_conf': 0.7668396830558777, 'id': 5}, {'box': [429.8697509765625, 313.04132080078125, 333.4539794921875, 168.70401000976562], 'conf': 0.7292402, 'label_id': 'laptop', 'sub_labels': 'not_human', 'sub_labels_conf': 0.9999983310699463, 'id': 6}, {'box': [780.025390625, 446.146484375, 120.805419921875, 191.006591796875], 'conf': 0.5385179, 'label_id': 'backpack', 'sub_labels': 'other', 'sub_labels_conf': 0.7083878517150879, 'id': 9}]"
191,2024/5/22 Wednesday 0:1:2,"[{'box': [472.4322814941406, 194.47206115722656, 46.901611328125, 90.37081909179688], 'conf': 0.9082781, 'label_id': 'cell phone', 'sub_labels': 'other', 'sub_labels_conf': 0.9492068290710449, 'id': 1}, {'box': [539.58447265625, 328.230712890625, 33.63116455078125, 53.65582275390625], 'conf': 0.8037678, 'label_id': 'mouse', 'sub_labels': 'other', 'sub_labels_conf': 0.5467281937599182, 'id': 2}, {'box': [409.35211181640625, 304.6874694824219, 203.23092651367188, 76.97174072265625], 'conf': 0.7313436, 'label_id': 'keyboard', 'sub_labels': 'not_human', 'sub_labels_conf': 0.9978439807891846, 'id': 3}, {'box': [1030.80908203125, 244.50852966308594, 64.4442138671875, 46.619293212890625], 'conf': 0.40038309, 'label_id': 'cup', 'sub_labels': 'other', 'sub_labels_conf': 0.9996098875999451, 'id': 4}, {'box': [546.2410888671875, 62.4293098449707, 208.75863647460938, 124.07202911376953], 'conf': 0.607257, 'label_id': 'tv', 'sub_labels': 'other', 'sub_labels_conf': 0.7668396830558777, 'id': 5}, {'box': [429.9439697265625, 313.27337646484375, 333.4905700683594, 168.39044189453125], 'conf': 0.72458816, 'label_id': 'laptop', 'sub_labels': 'not_human', 'sub_labels_conf': 0.9999983310699463, 'id': 6}, {'box': [780.4873046875, 446.39447021484375, 121.36651611328125, 190.45565795898438], 'conf': 0.5123717, 'label_id': 'backpack', 'sub_labels': 'other', 'sub_labels_conf': 0.6478727459907532, 'id': 9}]"
192,2024/5/22 Wednesday 0:1:2,"[{'box': [472.4276123046875, 194.4599609375, 46.890838623046875, 90.38417053222656], 'conf': 0.9081311, 'label_id': 'cell phone', 'sub_labels': 'other', 'sub_labels_conf': 0.9492068290710449, 'id': 1}, {'box': [539.5845947265625, 328.2408447265625, 33.62567138671875, 53.68084716796875], 'conf': 0.8013004, 'label_id': 'mouse', 'sub_labels': 'other', 'sub_labels_conf': 0.5467281937599182, 'id': 2}, {'box': [409.31256103515625, 304.68017578125, 203.3035888671875, 76.98870849609375], 'conf': 0.7431315, 'label_id': 'keyboard', 'sub_labels': 'not_human', 'sub_labels_conf': 0.9978439807891846, 'id': 3}, {'box': [1030.8148193359375, 244.50267028808594, 64.45184326171875, 46.625091552734375], 'conf': 0.38941717, 'label_id': 'cup', 'sub_labels': 'other', 'sub_labels_conf': 0.9996098875999451, 'id': 4}, {'box': [546.271728515625, 62.48091506958008, 208.79412841796875, 124.22338104248047], 'conf': 0.6080685, 'label_id': 'tv', 'sub_labels': 'other', 'sub_labels_conf': 0.7668396830558777, 'id': 5}, {'box': [430.0390319824219, 313.5480651855469, 333.03546142578125, 168.0033721923828], 'conf': 0.7692304, 'label_id': 'laptop', 'sub_labels': 'not_human', 'sub_labels_conf': 0.9999984502792358, 'id': 6}, {'box': [781.1052856445312, 446.1758728027344, 121.91064453125, 191.79315185546875], 'conf': 0.50310034, 'label_id': 'backpack', 'sub_labels': 'other', 'sub_labels_conf': 0.6326385140419006, 'id': 9}]"
193,2024/5/22 Wednesday 0:1:2,"[{'box': [472.4147644042969, 194.47625732421875, 46.8878173828125, 90.34866333007812], 'conf': 0.907925, 'label_id': 'cell phone', 'sub_labels': 'other', 'sub_labels_conf': 0.9492068290710449, 'id': 1}, {'box': [539.572265625, 328.257568359375, 33.63079833984375, 53.701629638671875], 'conf': 0.8055346, 'label_id': 'mouse', 'sub_labels': 'other', 'sub_labels_conf': 0.5467281937599182, 'id': 2}, {'box': [409.23297119140625, 304.7008361816406, 203.42257690429688, 76.97833251953125], 'conf': 0.7540483, 'label_id': 'keyboard', 'sub_labels': 'not_human', 'sub_labels_conf': 0.9978439807891846, 'id': 3}, {'box': [1030.820068359375, 244.49261474609375, 64.4598388671875, 46.63226318359375], 'conf': 0.39469135, 'label_id': 'cup', 'sub_labels': 'other', 'sub_labels_conf': 0.9996098875999451, 'id': 4}, {'box': [546.2318115234375, 62.51320266723633, 208.73171997070312, 124.2712631225586], 'conf': 0.6045052, 'label_id': 'tv', 'sub_labels': 'other', 'sub_labels_conf': 0.7668396830558777, 'id': 5}, {'box': [430.0321044921875, 313.6137390136719, 332.9824523925781, 167.78453063964844], 'conf': 0.7694494, 'label_id': 'laptop', 'sub_labels': 'not_human', 'sub_labels_conf': 0.9999982118606567, 'id': 6}, {'box': [780.373779296875, 447.3060302734375, 120.39349365234375, 190.05810546875], 'conf': 0.4647923, 'label_id': 'backpack', 'sub_labels': 'other', 'sub_labels_conf': 0.859923243522644, 'id': 9}]"
194,2024/5/22 Wednesday 0:1:2,"[{'box': [472.4248046875, 194.4847412109375, 46.915863037109375, 90.38494873046875], 'conf': 0.9089842, 'label_id': 'cell phone', 'sub_labels': 'other', 'sub_labels_conf': 0.9492068290710449, 'id': 1}, {'box': [539.5753173828125, 328.2808837890625, 33.6275634765625, 53.70489501953125], 'conf': 0.7941666, 'label_id': 'mouse', 'sub_labels': 'other', 'sub_labels_conf': 0.5467281937599182, 'id': 2}, {'box': [409.3657531738281, 304.7303466796875, 203.16668701171875, 77.01797485351562], 'conf': 0.7228006, 'label_id': 'keyboard', 'sub_labels': 'not_human', 'sub_labels_conf': 0.9978439807891846, 'id': 3}, {'box': [1030.8271484375, 244.47451782226562, 64.4678955078125, 46.64222717285156], 'conf': 0.3844689, 'label_id': 'cup', 'sub_labels': 'other', 'sub_labels_conf': 0.9996098875999451, 'id': 4}, {'box': [546.2052001953125, 62.55640411376953, 208.80072021484375, 124.331298828125], 'conf': 0.5961984, 'label_id': 'tv', 'sub_labels': 'other', 'sub_labels_conf': 0.7668396830558777, 'id': 5}, {'box': [430.2005920410156, 314.0728454589844, 333.00592041015625, 166.9923553466797], 'conf': 0.7863572, 'label_id': 'laptop', 'sub_labels': 'not_human', 'sub_labels_conf': 0.9999983310699463, 'id': 6}, {'box': [780.1824340820312, 446.82171630859375, 119.316162109375, 191.2120361328125], 'conf': 0.41785327, 'label_id': 'backpack', 'sub_labels': 'other', 'sub_labels_conf': 0.5823244452476501, 'id': 9}, {'box': [229.77508544921875, 159.84402465820312, 63.82313537597656, 52.57716369628906], 'conf': 0.54570323, 'label_id': 'bottle', 'sub_labels': 'other', 'sub_labels_conf': 0.9998548030853271, 'id': 11}]"
195,2024/5/22 Wednesday 0:1:2,"[{'box': [472.4269714355469, 194.48141479492188, 46.9212646484375, 90.40687561035156], 'conf': 0.9064474, 'label_id': 'cell phone', 'sub_labels': 'other', 'sub_labels_conf': 0.9492068290710449, 'id': 1}, {'box': [539.5769653320312, 328.2801818847656, 33.612548828125, 53.6839599609375], 'conf': 0.79092216, 'label_id': 'mouse', 'sub_labels': 'other', 'sub_labels_conf': 0.5467281937599182, 'id': 2}, {'box': [409.39312744140625, 304.7491455078125, 203.12860107421875, 77.01229858398438], 'conf': 0.7208635, 'label_id': 'keyboard', 'sub_labels': 'not_human', 'sub_labels_conf': 0.9978439807891846, 'id': 3}, {'box': [1030.819091796875, 244.51214599609375, 64.4403076171875, 46.60261535644531], 'conf': 0.42889667, 'label_id': 'cup', 'sub_labels': 'other', 'sub_labels_conf': 0.9996098875999451, 'id': 4}, {'box': [546.2052001953125, 62.564178466796875, 208.89578247070312, 124.33580017089844], 'conf': 0.59171987, 'label_id': 'tv', 'sub_labels': 'other', 'sub_labels_conf': 0.7668396830558777, 'id': 5}, {'box': [430.1168212890625, 314.17950439453125, 333.1827392578125, 166.94290161132812], 'conf': 0.79345125, 'label_id': 'laptop', 'sub_labels': 'not_human', 'sub_labels_conf': 0.9999983310699463, 'id': 6}, {'box': [781.0905151367188, 446.16339111328125, 121.956298828125, 192.333984375], 'conf': 0.32091507, 'label_id': 'backpack', 'sub_labels': 'other', 'sub_labels_conf': 0.8409090042114258, 'id': 9}, {'box': [230.25796508789062, 160.11105346679688, 63.51847839355469, 52.94902038574219], 'conf': 0.5600734, 'label_id': 'bottle', 'sub_labels': 'other', 'sub_labels_conf': 0.9998389482498169, 'id': 11}]"
196,2024/5/22 Wednesday 0:1:2,"[{'box': [472.4393005371094, 194.47666931152344, 46.92840576171875, 90.42193603515625], 'conf': 0.90757746, 'label_id': 'cell phone', 'sub_labels': 'other', 'sub_labels_conf': 0.9492068290710449, 'id': 1}, {'box': [539.5813598632812, 328.28826904296875, 33.5992431640625, 53.688629150390625], 'conf': 0.762218, 'label_id': 'mouse', 'sub_labels': 'other', 'sub_labels_conf': 0.5467281937599182, 'id': 2}, {'box': [409.42706298828125, 304.70538330078125, 203.13031005859375, 77.12240600585938], 'conf': 0.7231544, 'label_id': 'keyboard', 'sub_labels': 'not_human', 'sub_labels_conf': 0.9978439807891846, 'id': 3}, {'box': [1030.8367919921875, 244.56689453125, 64.41448974609375, 46.57844543457031], 'conf': 0.47195858, 'label_id': 'cup', 'sub_labels': 'other', 'sub_labels_conf': 0.9996098875999451, 'id': 4}, {'box': [546.15185546875, 62.48591232299805, 208.70745849609375, 124.1788558959961], 'conf': 0.5922188, 'label_id': 'tv', 'sub_labels': 'other', 'sub_labels_conf': 0.7668396830558777, 'id': 5}, {'box': [430.0370788574219, 314.14141845703125, 333.26910400390625, 166.9478302001953], 'conf': 0.7599215, 'label_id': 'laptop', 'sub_labels': 'not_human', 'sub_labels_conf': 0.9999983310699463, 'id': 6}, {'box': [783.4512939453125, 444.89715576171875, 128.24896240234375, 192.68325805664062], 'conf': 0.31072178, 'label_id': 'backpack', 'sub_labels': 'other', 'sub_labels_conf': 0.5407094955444336, 'id': 9}, {'box': [229.92857360839844, 159.82510375976562, 63.659637451171875, 52.54295349121094], 'conf': 0.5737727, 'label_id': 'bottle', 'sub_labels': 'other', 'sub_labels_conf': 0.9998548030853271, 'id': 11}]"
197,2024/5/22 Wednesday 0:1:2,"[{'box': [472.44427490234375, 194.48806762695312, 46.926300048828125, 90.4268798828125], 'conf': 0.9071178, 'label_id': 'cell phone', 'sub_labels': 'other', 'sub_labels_conf': 0.9492068290710449, 'id': 1}, {'box': [539.5929565429688, 328.29144287109375, 33.568359375, 53.657623291015625], 'conf': 0.74506277, 'label_id': 'mouse', 'sub_labels': 'other', 'sub_labels_conf': 0.5467281937599182, 'id': 2}, {'box': [409.4603271484375, 304.660888671875, 203.08602905273438, 77.12435913085938], 'conf': 0.71268237, 'label_id': 'keyboard', 'sub_labels': 'not_human', 'sub_labels_conf': 0.9978439807891846, 'id': 3}, {'box': [1030.8477783203125, 244.55064392089844, 64.42510986328125, 46.608428955078125], 'conf': 0.42617375, 'label_id': 'cup', 'sub_labels': 'other', 'sub_labels_conf': 0.9996098875999451, 'id': 4}, {'box': [546.044921875, 62.22874069213867, 208.40036010742188, 123.65120697021484], 'conf': 0.59525514, 'label_id': 'tv', 'sub_labels': 'other', 'sub_labels_conf': 0.6911543011665344, 'id': 5}, {'box': [429.973388671875, 314.06976318359375, 332.9850769042969, 167.01235961914062], 'conf': 0.72760755, 'label_id': 'laptop', 'sub_labels': 'not_human', 'sub_labels_conf': 0.9999980926513672, 'id': 6}, {'box': [782.55517578125, 445.1944580078125, 129.3946533203125, 193.3111572265625], 'conf': 0.27563703, 'label_id': 'backpack', 'sub_labels': 'other', 'sub_labels_conf': 0.907613217830658, 'id': 9}, {'box': [229.80844116210938, 159.72544860839844, 63.7215576171875, 52.373077392578125], 'conf': 0.56651324, 'label_id': 'bottle', 'sub_labels': 'other', 'sub_labels_conf': 0.9998548030853271, 'id': 11}]"
198,2024/5/22 Wednesday 0:1:2,"[{'box': [472.44854736328125, 194.46890258789062, 46.947662353515625, 90.46900939941406], 'conf': 0.9075794, 'label_id': 'cell phone', 'sub_labels': 'other', 'sub_labels_conf': 0.9492068290710449, 'id': 1}, {'box': [539.5825805664062, 328.2726745605469, 33.5806884765625, 53.6666259765625], 'conf': 0.735962, 'label_id': 'mouse', 'sub_labels': 'other', 'sub_labels_conf': 0.5467281937599182, 'id': 2}, {'box': [409.4996337890625, 304.6190185546875, 203.02886962890625, 77.1837158203125], 'conf': 0.70865923, 'label_id': 'keyboard', 'sub_labels': 'not_human', 'sub_labels_conf': 0.9978439807891846, 'id': 3}, {'box': [1030.835205078125, 244.53372192382812, 64.4407958984375, 46.63294982910156], 'conf': 0.4162222, 'label_id': 'cup', 'sub_labels': 'other', 'sub_labels_conf': 0.9996098875999451, 'id': 4}, {'box': [546.0228271484375, 62.12699508666992, 208.37753295898438, 123.47318267822266], 'conf': 0.58445853, 'label_id': 'tv', 'sub_labels': 'other', 'sub_labels_conf': 0.6911543011665344, 'id': 5}, {'box': [429.88275146484375, 314.0968322753906, 333.0583190917969, 167.02117919921875], 'conf': 0.731, 'label_id': 'laptop', 'sub_labels': 'not_human', 'sub_labels_conf': 0.9999980926513672, 'id': 6}, {'box': [783.2855834960938, 445.6019287109375, 132.0614013671875, 192.39218139648438], 'conf': 0.24134184, 'label_id': 'backpack', 'sub_labels': 'other', 'sub_labels_conf': 0.8758879899978638, 'id': 9}, {'box': [229.790283203125, 159.73733520507812, 63.67034912109375, 52.23213195800781], 'conf': 0.49937695, 'label_id': 'bottle', 'sub_labels': 'other', 'sub_labels_conf': 0.9998548030853271, 'id': 11}]"
199,2024/5/22 Wednesday 0:1:2,"[{'box': [472.4495849609375, 194.4430694580078, 46.945831298828125, 90.46710205078125], 'conf': 0.90593576, 'label_id': 'cell phone', 'sub_labels': 'other', 'sub_labels_conf': 0.9492068290710449, 'id': 1}, {'box': [539.5701293945312, 328.25347900390625, 33.603759765625, 53.700286865234375], 'conf': 0.7519783, 'label_id': 'mouse', 'sub_labels': 'other', 'sub_labels_conf': 0.5467281937599182, 'id': 2}, {'box': [409.47979736328125, 304.59368896484375, 203.0797119140625, 77.12835693359375], 'conf': 0.71477026, 'label_id': 'keyboard', 'sub_labels': 'not_human', 'sub_labels_conf': 0.9978439807891846, 'id': 3}, {'box': [1030.81298828125, 244.537109375, 64.4503173828125, 46.62251281738281], 'conf': 0.4491737, 'label_id': 'cup', 'sub_labels': 'other', 'sub_labels_conf': 0.9996098875999451, 'id': 4}, {'box': [546.1021118164062, 62.309837341308594, 208.51437377929688, 123.86312866210938], 'conf': 0.5771825, 'label_id': 'tv', 'sub_labels': 'other', 'sub_labels_conf': 0.6911543011665344, 'id': 5}, {'box': [429.83465576171875, 314.1134948730469, 333.3116455078125, 167.0824737548828], 'conf': 0.7478656, 'label_id': 'laptop', 'sub_labels': 'not_human', 'sub_labels_conf': 0.9999980926513672, 'id': 6}, {'box': [782.5897216796875, 446.975830078125, 131.392822265625, 191.17251586914062], 'conf': 0.3451085, 'label_id': 'backpack', 'sub_labels': 'other', 'sub_labels_conf': 0.8101857304573059, 'id': 9}, {'box': [229.76849365234375, 159.7750244140625, 63.62443542480469, 52.19255065917969], 'conf': 0.5187929, 'label_id': 'bottle', 'sub_labels': 'other', 'sub_labels_conf': 0.9998548030853271, 'id': 11}]"
200,2024/5/22 Wednesday 0:1:3,"[{'box': [472.4542541503906, 194.43817138671875, 46.9212646484375, 90.43025207519531], 'conf': 0.9069932, 'label_id': 'cell phone', 'sub_labels': 'other', 'sub_labels_conf': 0.9492068290710449, 'id': 1}, {'box': [539.5733642578125, 328.216552734375, 33.60894775390625, 53.662322998046875], 'conf': 0.7724065, 'label_id': 'mouse', 'sub_labels': 'other', 'sub_labels_conf': 0.5467281937599182, 'id': 2}, {'box': [409.4729309082031, 304.5367431640625, 203.10601806640625, 77.17755126953125], 'conf': 0.7258284, 'label_id': 'keyboard', 'sub_labels': 'not_human', 'sub_labels_conf': 0.9978439807891846, 'id': 3}, {'box': [1030.80419921875, 244.53538513183594, 64.4361572265625, 46.630828857421875], 'conf': 0.42198306, 'label_id': 'cup', 'sub_labels': 'other', 'sub_labels_conf': 0.9996098875999451, 'id': 4}, {'box': [546.1453247070312, 62.45100402832031, 208.5679931640625, 124.16964721679688], 'conf': 0.5983135, 'label_id': 'tv', 'sub_labels': 'other', 'sub_labels_conf': 0.7668396830558777, 'id': 5}, {'box': [429.830322265625, 314.0223388671875, 333.149658203125, 167.11209106445312], 'conf': 0.73703307, 'label_id': 'laptop', 'sub_labels': 'not_human', 'sub_labels_conf': 0.9999980926513672, 'id': 6}, {'box': [779.2421875, 447.73699951171875, 124.05950927734375, 190.11965942382812], 'conf': 0.47807539, 'label_id': 'backpack', 'sub_labels': 'other', 'sub_labels_conf': 0.6823861598968506, 'id': 9}, {'box': [229.74948120117188, 159.71978759765625, 63.64970397949219, 52.21488952636719], 'conf': 0.52167577, 'label_id': 'bottle', 'sub_labels': 'other', 'sub_labels_conf': 0.9998548030853271, 'id': 11}]"
201,2024/5/22 Wednesday 0:1:3,"[{'box': [472.4462890625, 194.45172119140625, 46.902984619140625, 90.36204528808594], 'conf': 0.9057823, 'label_id': 'cell phone', 'sub_labels': 'other', 'sub_labels_conf': 0.9492068290710449, 'id': 1}, {'box': [539.5850830078125, 328.170166015625, 33.61456298828125, 53.6136474609375], 'conf': 0.8117735, 'label_id': 'mouse', 'sub_labels': 'other', 'sub_labels_conf': 0.5467281937599182, 'id': 2}, {'box': [409.3272705078125, 304.5444030761719, 203.272705078125, 77.0352783203125], 'conf': 0.7407021, 'label_id': 'keyboard', 'sub_labels': 'not_human', 'sub_labels_conf': 0.9978439807891846, 'id': 3}, {'box': [1030.8115234375, 244.51544189453125, 64.446044921875, 46.6141357421875], 'conf': 0.4089282, 'label_id': 'cup', 'sub_labels': 'other', 'sub_labels_conf': 0.9996098875999451, 'id': 4}, {'box': [546.1578369140625, 62.49287796020508, 208.65087890625, 124.25438690185547], 'conf': 0.59486103, 'label_id': 'tv', 'sub_labels': 'other', 'sub_labels_conf': 0.7668396830558777, 'id': 5}, {'box': [429.8348388671875, 314.0414123535156, 332.4148254394531, 167.57200622558594], 'conf': 0.7715107, 'label_id': 'laptop', 'sub_labels': 'not_human', 'sub_labels_conf': 0.9999979734420776, 'id': 6}, {'box': [778.88671875, 450.01470947265625, 120.57708740234375, 186.43161010742188], 'conf': 0.50006944, 'label_id': 'backpack', 'sub_labels': 'other', 'sub_labels_conf': 0.9391558766365051, 'id': 9}, {'box': [229.64724731445312, 159.76431274414062, 63.80436706542969, 52.19108581542969], 'conf': 0.5431368, 'label_id': 'bottle', 'sub_labels': 'other', 'sub_labels_conf': 0.9998737573623657, 'id': 11}]"
202,2024/5/22 Wednesday 0:1:3,"[{'box': [472.4632568359375, 194.43930053710938, 46.885986328125, 90.33534240722656], 'conf': 0.9073093, 'label_id': 'cell phone', 'sub_labels': 'other', 'sub_labels_conf': 0.9492068290710449, 'id': 1}, {'box': [539.59765625, 328.13336181640625, 33.63470458984375, 53.631134033203125], 'conf': 0.81267214, 'label_id': 'mouse', 'sub_labels': 'other', 'sub_labels_conf': 0.5467281937599182, 'id': 2}, {'box': [409.3426513671875, 304.51861572265625, 203.31991577148438, 77.021484375], 'conf': 0.73970413, 'label_id': 'keyboard', 'sub_labels': 'not_human', 'sub_labels_conf': 0.9978439807891846, 'id': 3}, {'box': [1030.9420166015625, 244.774658203125, 64.27777099609375, 46.13023376464844], 'conf': 0.38555756, 'label_id': 'cup', 'sub_labels': 'other', 'sub_labels_conf': 0.9996098875999451, 'id': 4}, {'box': [546.2462158203125, 62.453453063964844, 208.7708740234375, 124.21044921875], 'conf': 0.6000909, 'label_id': 'tv', 'sub_labels': 'other', 'sub_labels_conf': 0.7668396830558777, 'id': 5}, {'box': [429.8999938964844, 314.2197570800781, 331.72015380859375, 167.9464569091797], 'conf': 0.79908186, 'label_id': 'laptop', 'sub_labels': 'not_human', 'sub_labels_conf': 0.9999985694885254, 'id': 6}, {'box': [779.0577392578125, 448.92572021484375, 116.68487548828125, 187.07553100585938], 'conf': 0.43475, 'label_id': 'backpack', 'sub_labels': 'not_human', 'sub_labels_conf': 0.5350372791290283, 'id': 9}, {'box': [229.64976501464844, 159.7806396484375, 63.827239990234375, 52.14790344238281], 'conf': 0.5563776, 'label_id': 'bottle', 'sub_labels': 'other', 'sub_labels_conf': 0.9998737573623657, 'id': 11}]"
203,2024/5/22 Wednesday 0:1:3,"[{'box': [472.4518127441406, 194.43649291992188, 46.85552978515625, 90.29768371582031], 'conf': 0.90791243, 'label_id': 'cell phone', 'sub_labels': 'other', 'sub_labels_conf': 0.9492068290710449, 'id': 1}, {'box': [539.5838623046875, 328.103759765625, 33.64459228515625, 53.609466552734375], 'conf': 0.8164506, 'label_id': 'mouse', 'sub_labels': 'other', 'sub_labels_conf': 0.5467281937599182, 'id': 2}, {'box': [409.2793273925781, 304.5173034667969, 203.46453857421875, 76.95550537109375], 'conf': 0.75558054, 'label_id': 'keyboard', 'sub_labels': 'not_human', 'sub_labels_conf': 0.9978439807891846, 'id': 3}, {'box': [1030.8092041015625, 244.75067138671875, 64.55889892578125, 46.33660888671875], 'conf': 0.3751189, 'label_id': 'cup', 'sub_labels': 'other', 'sub_labels_conf': 0.9996098875999451, 'id': 4}, {'box': [546.3129272460938, 62.437679290771484, 208.76260375976562, 124.16793060302734], 'conf': 0.61077726, 'label_id': 'tv', 'sub_labels': 'other', 'sub_labels_conf': 0.7668396830558777, 'id': 5}, {'box': [429.8890686035156, 314.2961730957031, 331.26300048828125, 168.3285675048828], 'conf': 0.81757724, 'label_id': 'laptop', 'sub_labels': 'not_human', 'sub_labels_conf': 0.999997615814209, 'id': 6}, {'box': [778.6613159179688, 448.93670654296875, 114.2705078125, 186.630859375], 'conf': 0.48276192, 'label_id': 'backpack', 'sub_labels': 'not_human', 'sub_labels_conf': 0.7828293442726135, 'id': 9}, {'box': [229.69284057617188, 159.8590087890625, 63.84568786621094, 52.18025207519531], 'conf': 0.52533674, 'label_id': 'bottle', 'sub_labels': 'other', 'sub_labels_conf': 0.9998699426651001, 'id': 11}]"
204,2024/5/22 Wednesday 0:1:3,"[{'box': [472.463623046875, 194.43771362304688, 46.8720703125, 90.29377746582031], 'conf': 0.9087292, 'label_id': 'cell phone', 'sub_labels': 'other', 'sub_labels_conf': 0.9489302635192871, 'id': 1}, {'box': [539.6015625, 328.10870361328125, 33.63018798828125, 53.552703857421875], 'conf': 0.81409836, 'label_id': 'mouse', 'sub_labels': 'other', 'sub_labels_conf': 0.5467281937599182, 'id': 2}, {'box': [409.28961181640625, 304.5438537597656, 203.49261474609375, 76.96881103515625], 'conf': 0.7466617, 'label_id': 'keyboard', 'sub_labels': 'not_human', 'sub_labels_conf': 0.9978439807891846, 'id': 3}, {'box': [1030.9140625, 244.84268188476562, 64.35443115234375, 46.01679992675781], 'conf': 0.35783613, 'label_id': 'cup', 'sub_labels': 'other', 'sub_labels_conf': 0.9996098875999451, 'id': 4}, {'box': [546.3261108398438, 62.60348892211914, 208.77920532226562, 124.51824188232422], 'conf': 0.6398091, 'label_id': 'tv', 'sub_labels': 'other', 'sub_labels_conf': 0.7565943598747253, 'id': 5}, {'box': [430.0445556640625, 314.3067932128906, 331.4017028808594, 168.67347717285156], 'conf': 0.79129416, 'label_id': 'laptop', 'sub_labels': 'not_human', 'sub_labels_conf': 0.999997615814209, 'id': 6}, {'box': [778.8670654296875, 449.38861083984375, 113.76995849609375, 185.75338745117188], 'conf': 0.46351984, 'label_id': 'backpack', 'sub_labels': 'not_human', 'sub_labels_conf': 0.7043492794036865, 'id': 9}, {'box': [229.89389038085938, 159.72836303710938, 63.50590515136719, 52.29631042480469], 'conf': 0.5253002, 'label_id': 'bottle', 'sub_labels': 'other', 'sub_labels_conf': 0.9998238682746887, 'id': 11}]"
205,2024/5/22 Wednesday 0:1:3,"[{'box': [472.4495849609375, 194.46075439453125, 46.854217529296875, 90.24220275878906], 'conf': 0.90708387, 'label_id': 'cell phone', 'sub_labels': 'other', 'sub_labels_conf': 0.9489302635192871, 'id': 1}, {'box': [539.59912109375, 328.12750244140625, 33.63702392578125, 53.545501708984375], 'conf': 0.82257164, 'label_id': 'mouse', 'sub_labels': 'other', 'sub_labels_conf': 0.5467281937599182, 'id': 2}, {'box': [409.2805480957031, 304.5691223144531, 203.45013427734375, 76.96270751953125], 'conf': 0.7420015, 'label_id': 'keyboard', 'sub_labels': 'not_human', 'sub_labels_conf': 0.9978439807891846, 'id': 3}, {'box': [1030.948486328125, 244.86273193359375, 64.2867431640625, 45.89405822753906], 'conf': 0.36081094, 'label_id': 'cup', 'sub_labels': 'other', 'sub_labels_conf': 0.9998615980148315, 'id': 4}, {'box': [546.296630859375, 62.6905632019043, 208.74029541015625, 124.66362762451172], 'conf': 0.6457923, 'label_id': 'tv', 'sub_labels': 'other', 'sub_labels_conf': 0.7565943598747253, 'id': 5}, {'box': [430.1793212890625, 314.2489929199219, 331.9792785644531, 168.9685821533203], 'conf': 0.80788106, 'label_id': 'laptop', 'sub_labels': 'not_human', 'sub_labels_conf': 0.999997615814209, 'id': 6}, {'box': [780.5928955078125, 448.0206298828125, 115.99066162109375, 186.82382202148438], 'conf': 0.38005832, 'label_id': 'backpack', 'sub_labels': 'other', 'sub_labels_conf': 0.7643194794654846, 'id': 9}, {'box': [229.95509338378906, 159.71029663085938, 63.420684814453125, 52.39849853515625], 'conf': 0.542422, 'label_id': 'bottle', 'sub_labels': 'other', 'sub_labels_conf': 0.9998238682746887, 'id': 11}]"
206,2024/5/22 Wednesday 0:1:3,"[{'box': [472.4354248046875, 194.4561309814453, 46.83477783203125, 90.21328735351562], 'conf': 0.9072771, 'label_id': 'cell phone', 'sub_labels': 'other', 'sub_labels_conf': 0.9489302635192871, 'id': 1}, {'box': [539.5798950195312, 328.11810302734375, 33.64453125, 53.561370849609375], 'conf': 0.8187978, 'label_id': 'mouse', 'sub_labels': 'other', 'sub_labels_conf': 0.5467281937599182, 'id': 2}, {'box': [409.29150390625, 304.5581970214844, 203.45919799804688, 77.05120849609375], 'conf': 0.74679714, 'label_id': 'keyboard', 'sub_labels': 'not_human', 'sub_labels_conf': 0.9978439807891846, 'id': 3}, {'box': [1030.8443603515625, 244.61514282226562, 64.40521240234375, 46.38136291503906], 'conf': 0.38835356, 'label_id': 'cup', 'sub_labels': 'other', 'sub_labels_conf': 0.9996098875999451, 'id': 4}, {'box': [546.2557373046875, 62.703575134277344, 208.68499755859375, 124.69903564453125], 'conf': 0.64553964, 'label_id': 'tv', 'sub_labels': 'other', 'sub_labels_conf': 0.7565943598747253, 'id': 5}, {'box': [430.24725341796875, 314.3814697265625, 332.3326721191406, 168.74395751953125], 'conf': 0.82738996, 'label_id': 'laptop', 'sub_labels': 'not_human', 'sub_labels_conf': 0.9999974966049194, 'id': 6}, {'box': [781.1007690429688, 446.9569091796875, 118.60693359375, 188.65457153320312], 'conf': 0.36222854, 'label_id': 'backpack', 'sub_labels': 'other', 'sub_labels_conf': 0.6607002019882202, 'id': 9}, {'box': [229.99237060546875, 159.66883850097656, 63.32221984863281, 52.471649169921875], 'conf': 0.5859314, 'label_id': 'bottle', 'sub_labels': 'other', 'sub_labels_conf': 0.9998238682746887, 'id': 11}]"
207,2024/5/22 Wednesday 0:1:3,"[{'box': [472.45025634765625, 194.43014526367188, 46.857421875, 90.23320007324219], 'conf': 0.90888876, 'label_id': 'cell phone', 'sub_labels': 'other', 'sub_labels_conf': 0.9489302635192871, 'id': 1}, {'box': [539.5748291015625, 328.10870361328125, 33.64886474609375, 53.578033447265625], 'conf': 0.8159445, 'label_id': 'mouse', 'sub_labels': 'other', 'sub_labels_conf': 0.5467281937599182, 'id': 2}, {'box': [409.2999572753906, 304.55218505859375, 203.5234375, 77.07546997070312], 'conf': 0.7554291, 'label_id': 'keyboard', 'sub_labels': 'not_human', 'sub_labels_conf': 0.9978439807891846, 'id': 3}, {'box': [1030.80615234375, 244.53854370117188, 64.453125, 46.56575012207031], 'conf': 0.40885973, 'label_id': 'cup', 'sub_labels': 'other', 'sub_labels_conf': 0.9996098875999451, 'id': 4}, {'box': [546.20556640625, 62.69775390625, 208.58929443359375, 124.67143249511719], 'conf': 0.6495174, 'label_id': 'tv', 'sub_labels': 'other', 'sub_labels_conf': 0.7565943598747253, 'id': 5}, {'box': [430.25146484375, 314.6709289550781, 332.3403625488281, 168.83323669433594], 'conf': 0.84920686, 'label_id': 'laptop', 'sub_labels': 'not_human', 'sub_labels_conf': 0.9999974966049194, 'id': 6}, {'box': [782.48193359375, 446.5130615234375, 125.67803955078125, 189.68954467773438], 'conf': 0.21834166, 'label_id': 'backpack', 'sub_labels': 'other', 'sub_labels_conf': 0.8148908615112305, 'id': 9}, {'box': [230.00588989257812, 159.64620971679688, 63.33872985839844, 52.53483581542969], 'conf': 0.58053726, 'label_id': 'bottle', 'sub_labels': 'other', 'sub_labels_conf': 0.9998233914375305, 'id': 11}]"
208,2024/5/22 Wednesday 0:1:3,"[{'box': [472.4500732421875, 194.43368530273438, 46.846923828125, 90.211669921875], 'conf': 0.9087155, 'label_id': 'cell phone', 'sub_labels': 'other', 'sub_labels_conf': 0.9489302635192871, 'id': 1}, {'box': [539.5751953125, 328.10809326171875, 33.65399169921875, 53.558746337890625], 'conf': 0.8155954, 'label_id': 'mouse', 'sub_labels': 'other', 'sub_labels_conf': 0.5467281937599182, 'id': 2}, {'box': [409.2632141113281, 304.5552062988281, 203.6051025390625, 77.02740478515625], 'conf': 0.7611602, 'label_id': 'keyboard', 'sub_labels': 'not_human', 'sub_labels_conf': 0.9978439807891846, 'id': 3}, {'box': [1030.793701171875, 244.5171356201172, 64.47308349609375, 46.649139404296875], 'conf': 0.40388006, 'label_id': 'cup', 'sub_labels': 'other', 'sub_labels_conf': 0.9996098875999451, 'id': 4}, {'box': [546.1028442382812, 62.540184020996094, 208.37380981445312, 124.322265625], 'conf': 0.65244335, 'label_id': 'tv', 'sub_labels': 'other', 'sub_labels_conf': 0.7565943598747253, 'id': 5}, {'box': [430.1564025878906, 314.52191162109375, 331.67108154296875, 169.17250061035156], 'conf': 0.81648946, 'label_id': 'laptop', 'sub_labels': 'not_human', 'sub_labels_conf': 0.999997615814209, 'id': 6}, {'box': [784.199462890625, 445.5843505859375, 130.52813720703125, 187.82455444335938], 'conf': 0.16202074, 'label_id': 'backpack', 'sub_labels': 'other', 'sub_labels_conf': 0.7036139369010925, 'id': 9}, {'box': [230.01272583007812, 159.63525390625, 63.34144592285156, 52.53021240234375], 'conf': 0.5982111, 'label_id': 'bottle', 'sub_labels': 'other', 'sub_labels_conf': 0.9998233914375305, 'id': 11}]"
209,2024/5/22 Wednesday 0:1:3,"[{'box': [472.4512939453125, 194.43832397460938, 46.832000732421875, 90.18283081054688], 'conf': 0.9087323, 'label_id': 'cell phone', 'sub_labels': 'other', 'sub_labels_conf': 0.9489302635192871, 'id': 1}, {'box': [539.57568359375, 328.1028137207031, 33.6661376953125, 53.53619384765625], 'conf': 0.8245074, 'label_id': 'mouse', 'sub_labels': 'other', 'sub_labels_conf': 0.5467281937599182, 'id': 2}, {'box': [409.2269287109375, 304.53863525390625, 203.69284057617188, 77.02484130859375], 'conf': 0.7685137, 'label_id': 'keyboard', 'sub_labels': 'not_human', 'sub_labels_conf': 0.9978439807891846, 'id': 3}, {'box': [1030.7919921875, 244.4989013671875, 64.481689453125, 46.67352294921875], 'conf': 0.40362749, 'label_id': 'cup', 'sub_labels': 'other', 'sub_labels_conf': 0.9996098875999451, 'id': 4}, {'box': [546.0869140625, 62.455074310302734, 208.26077270507812, 124.16547393798828], 'conf': 0.6478669, 'label_id': 'tv', 'sub_labels': 'other', 'sub_labels_conf': 0.7565943598747253, 'id': 5}, {'box': [430.1163330078125, 314.41339111328125, 331.2544860839844, 169.081298828125], 'conf': 0.8267712, 'label_id': 'laptop', 'sub_labels': 'not_human', 'sub_labels_conf': 0.9999977350234985, 'id': 6}, {'box': [783.36572265625, 445.61474609375, 129.423828125, 189.08447265625], 'conf': 0.2607232, 'label_id': 'backpack', 'sub_labels': 'other', 'sub_labels_conf': 0.9521142244338989, 'id': 9}, {'box': [230.04678344726562, 159.60240173339844, 63.3050537109375, 52.5472412109375], 'conf': 0.59615743, 'label_id': 'bottle', 'sub_labels': 'other', 'sub_labels_conf': 0.9998233914375305, 'id': 11}, {'box': [82.90934753417969, 328.38970947265625, 80.37835693359375, 101.79324340820312], 'conf': 0.67224264, 'label_id': 'bottle', 'sub_labels': 'other', 'sub_labels_conf': 0.9704369902610779, 'id': 12}]"
210,2024/5/22 Wednesday 0:1:3,"[{'box': [472.44207763671875, 194.44110107421875, 46.814361572265625, 90.15126037597656], 'conf': 0.90777576, 'label_id': 'cell phone', 'sub_labels': 'other', 'sub_labels_conf': 0.9489302635192871, 'id': 1}, {'box': [539.5682983398438, 328.11346435546875, 33.688232421875, 53.583282470703125], 'conf': 0.8279368, 'label_id': 'mouse', 'sub_labels': 'other', 'sub_labels_conf': 0.5467281937599182, 'id': 2}, {'box': [409.23486328125, 304.51812744140625, 203.66177368164062, 77.06243896484375], 'conf': 0.7681442, 'label_id': 'keyboard', 'sub_labels': 'not_human', 'sub_labels_conf': 0.9978439807891846, 'id': 3}, {'box': [1030.7811279296875, 244.49160766601562, 64.48089599609375, 46.65113830566406], 'conf': 0.39781702, 'label_id': 'cup', 'sub_labels': 'other', 'sub_labels_conf': 0.9996098875999451, 'id': 4}, {'box': [546.1131591796875, 62.55297088623047, 208.39471435546875, 124.40238952636719], 'conf': 0.64236253, 'label_id': 'tv', 'sub_labels': 'other', 'sub_labels_conf': 0.7565943598747253, 'id': 5}, {'box': [430.07916259765625, 314.364990234375, 330.9909362792969, 169.2308807373047], 'conf': 0.8366312, 'label_id': 'laptop', 'sub_labels': 'not_human', 'sub_labels_conf': 0.9999977350234985, 'id': 6}, {'box': [781.652099609375, 446.08245849609375, 126.3582763671875, 189.432861328125], 'conf': 0.3461026, 'label_id': 'backpack', 'sub_labels': 'other', 'sub_labels_conf': 0.9439619183540344, 'id': 9}, {'box': [230.04949951171875, 159.5735321044922, 63.29487609863281, 52.568450927734375], 'conf': 0.6151051, 'label_id': 'bottle', 'sub_labels': 'other', 'sub_labels_conf': 0.9998233914375305, 'id': 11}, {'box': [83.200927734375, 328.5991516113281, 79.59859466552734, 101.45013427734375], 'conf': 0.594416, 'label_id': 'bottle', 'sub_labels': 'other', 'sub_labels_conf': 0.9403872489929199, 'id': 12}]"
211,2024/5/22 Wednesday 0:1:3,"[{'box': [472.45068359375, 194.44395446777344, 46.8251953125, 90.1656494140625], 'conf': 0.90834385, 'label_id': 'cell phone', 'sub_labels': 'other', 'sub_labels_conf': 0.9489302635192871, 'id': 1}, {'box': [539.5855102539062, 328.10986328125, 33.68212890625, 53.550811767578125], 'conf': 0.8269563, 'label_id': 'mouse', 'sub_labels': 'other', 'sub_labels_conf': 0.5467281937599182, 'id': 2}, {'box': [409.256103515625, 304.5213623046875, 203.71530151367188, 77.02606201171875], 'conf': 0.7660159, 'label_id': 'keyboard', 'sub_labels': 'not_human', 'sub_labels_conf': 0.9978439807891846, 'id': 3}, {'box': [1030.785400390625, 244.47274780273438, 64.4725341796875, 46.66288757324219], 'conf': 0.3807442, 'label_id': 'cup', 'sub_labels': 'other', 'sub_labels_conf': 0.9996098875999451, 'id': 4}, {'box': [546.1821899414062, 62.58140563964844, 208.51498413085938, 124.4393310546875], 'conf': 0.6453315, 'label_id': 'tv', 'sub_labels': 'other', 'sub_labels_conf': 0.7565943598747253, 'id': 5}, {'box': [430.0732421875, 314.3475036621094, 330.8923034667969, 169.3165283203125], 'conf': 0.8186234, 'label_id': 'laptop', 'sub_labels': 'not_human', 'sub_labels_conf': 0.9999977350234985, 'id': 6}, {'box': [780.950439453125, 446.24285888671875, 123.40911865234375, 186.544189453125], 'conf': 0.37039953, 'label_id': 'backpack', 'sub_labels': 'other', 'sub_labels_conf': 0.9359312653541565, 'id': 9}, {'box': [230.07376098632812, 159.60003662109375, 63.30621337890625, 52.59754943847656], 'conf': 0.61602885, 'label_id': 'bottle', 'sub_labels': 'other', 'sub_labels_conf': 0.9998233914375305, 'id': 11}, {'box': [83.13500213623047, 328.50775146484375, 79.55615234375, 101.07565307617188], 'conf': 0.5293979, 'label_id': 'bottle', 'sub_labels': 'other', 'sub_labels_conf': 0.9635874629020691, 'id': 12}]"
212,2024/5/22 Wednesday 0:1:3,"[{'box': [472.45947265625, 194.460693359375, 46.8724365234375, 90.22407531738281], 'conf': 0.9095435, 'label_id': 'cell phone', 'sub_labels': 'other', 'sub_labels_conf': 0.9489302635192871, 'id': 1}, {'box': [539.5859375, 328.1466369628906, 33.6915283203125, 53.57666015625], 'conf': 0.8061058, 'label_id': 'mouse', 'sub_labels': 'other', 'sub_labels_conf': 0.5467281937599182, 'id': 2}, {'box': [409.2929992675781, 304.5789794921875, 203.74273681640625, 77.04727172851562], 'conf': 0.75734174, 'label_id': 'keyboard', 'sub_labels': 'not_human', 'sub_labels_conf': 0.9978439807891846, 'id': 3}, {'box': [1030.781982421875, 244.46368408203125, 64.48431396484375, 46.68560791015625], 'conf': 0.37469348, 'label_id': 'cup', 'sub_labels': 'other', 'sub_labels_conf': 0.9996098875999451, 'id': 4}, {'box': [546.2305908203125, 62.63766860961914, 208.56475830078125, 124.50641632080078], 'conf': 0.6432551, 'label_id': 'tv', 'sub_labels': 'other', 'sub_labels_conf': 0.7565943598747253, 'id': 5}, {'box': [430.0711364746094, 314.372314453125, 330.90863037109375, 169.1030731201172], 'conf': 0.80869144, 'label_id': 'laptop', 'sub_labels': 'not_human', 'sub_labels_conf': 0.9999978542327881, 'id': 6}, {'box': [779.7926025390625, 450.5493469238281, 120.11895751953125, 175.55926513671875], 'conf': 0.32494786, 'label_id': 'backpack', 'sub_labels': 'other', 'sub_labels_conf': 0.9617317318916321, 'id': 9}, {'box': [230.12249755859375, 159.62841796875, 63.20359802246094, 52.55976867675781], 'conf': 0.5837602, 'label_id': 'bottle', 'sub_labels': 'other', 'sub_labels_conf': 0.9998233914375305, 'id': 11}, {'box': [83.13640594482422, 328.817626953125, 79.43983459472656, 101.43069458007812], 'conf': 0.39193907, 'label_id': 'bottle', 'sub_labels': 'other', 'sub_labels_conf': 0.9396470785140991, 'id': 12}]"
213,2024/5/22 Wednesday 0:1:3,"[{'box': [472.4599914550781, 194.45114135742188, 46.90338134765625, 90.26997375488281], 'conf': 0.91064966, 'label_id': 'cell phone', 'sub_labels': 'other', 'sub_labels_conf': 0.9489302635192871, 'id': 1}, {'box': [539.5806274414062, 328.14532470703125, 33.6795654296875, 53.588531494140625], 'conf': 0.80189157, 'label_id': 'mouse', 'sub_labels': 'other', 'sub_labels_conf': 0.5467281937599182, 'id': 2}, {'box': [409.361328125, 304.60528564453125, 203.70358276367188, 77.1756591796875], 'conf': 0.7466175, 'label_id': 'keyboard', 'sub_labels': 'not_human', 'sub_labels_conf': 0.9978439807891846, 'id': 3}, {'box': [1030.791015625, 244.45596313476562, 64.4891357421875, 46.69676208496094], 'conf': 0.36774588, 'label_id': 'cup', 'sub_labels': 'other', 'sub_labels_conf': 0.9996098875999451, 'id': 4}, {'box': [546.2473754882812, 62.69059371948242, 208.63088989257812, 124.62871551513672], 'conf': 0.64714414, 'label_id': 'tv', 'sub_labels': 'other', 'sub_labels_conf': 0.7565943598747253, 'id': 5}, {'box': [430.1129150390625, 314.3564758300781, 331.1606750488281, 168.63609313964844], 'conf': 0.80796176, 'label_id': 'laptop', 'sub_labels': 'not_human', 'sub_labels_conf': 0.9999978542327881, 'id': 6}, {'box': [779.50927734375, 450.15875244140625, 119.28857421875, 177.46475219726562], 'conf': 0.37351397, 'label_id': 'backpack', 'sub_labels': 'other', 'sub_labels_conf': 0.9733238220214844, 'id': 9}, {'box': [230.10476684570312, 159.5826416015625, 63.24592590332031, 52.60453796386719], 'conf': 0.5630379, 'label_id': 'bottle', 'sub_labels': 'other', 'sub_labels_conf': 0.9998233914375305, 'id': 11}, {'box': [83.10572052001953, 329.1468811035156, 79.34666442871094, 102.70806884765625], 'conf': 0.41220567, 'label_id': 'bottle', 'sub_labels': 'other', 'sub_labels_conf': 0.9030148386955261, 'id': 12}]"
214,2024/5/22 Wednesday 0:1:3,"[{'box': [472.4512634277344, 194.45745849609375, 46.92449951171875, 90.28260803222656], 'conf': 0.9099346, 'label_id': 'cell phone', 'sub_labels': 'other', 'sub_labels_conf': 0.9489302635192871, 'id': 1}, {'box': [539.5777587890625, 328.1695556640625, 33.68243408203125, 53.604705810546875], 'conf': 0.8064461, 'label_id': 'mouse', 'sub_labels': 'other', 'sub_labels_conf': 0.5467281937599182, 'id': 2}, {'box': [409.356689453125, 304.6116638183594, 203.6378173828125, 77.23065185546875], 'conf': 0.75116885, 'label_id': 'keyboard', 'sub_labels': 'not_human', 'sub_labels_conf': 0.9978439807891846, 'id': 3}, {'box': [1030.8076171875, 244.4584503173828, 64.4842529296875, 46.696319580078125], 'conf': 0.39438373, 'label_id': 'cup', 'sub_labels': 'other', 'sub_labels_conf': 0.9996098875999451, 'id': 4}, {'box': [546.23388671875, 62.66064453125, 208.58004760742188, 124.59115600585938], 'conf': 0.6481566, 'label_id': 'tv', 'sub_labels': 'other', 'sub_labels_conf': 0.7565943598747253, 'id': 5}, {'box': [430.19439697265625, 314.6125793457031, 331.3948059082031, 168.44468688964844], 'conf': 0.80517566, 'label_id': 'laptop', 'sub_labels': 'not_human', 'sub_labels_conf': 0.9999978542327881, 'id': 6}, {'box': [779.3922119140625, 448.50555419921875, 119.24261474609375, 178.92349243164062], 'conf': 0.30642736, 'label_id': 'backpack', 'sub_labels': 'other', 'sub_labels_conf': 0.9640411734580994, 'id': 9}, {'box': [230.075927734375, 159.48077392578125, 63.29762268066406, 52.77073669433594], 'conf': 0.545806, 'label_id': 'bottle', 'sub_labels': 'other', 'sub_labels_conf': 0.9998196959495544, 'id': 11}, {'box': [83.12020111083984, 329.1820068359375, 79.29786682128906, 102.51187133789062], 'conf': 0.22587045, 'label_id': 'bottle', 'sub_labels': 'other', 'sub_labels_conf': 0.9164261221885681, 'id': 12}]"
215,2024/5/22 Wednesday 0:1:3,"[{'box': [472.4322509765625, 194.45751953125, 46.917236328125, 90.26396179199219], 'conf': 0.91, 'label_id': 'cell phone', 'sub_labels': 'other', 'sub_labels_conf': 0.9489302635192871, 'id': 1}, {'box': [539.5577392578125, 328.1659240722656, 33.68231201171875, 53.6168212890625], 'conf': 0.8069677, 'label_id': 'mouse', 'sub_labels': 'other', 'sub_labels_conf': 0.5467281937599182, 'id': 2}, {'box': [409.3400573730469, 304.59307861328125, 203.57196044921875, 77.1749267578125], 'conf': 0.7503421, 'label_id': 'keyboard', 'sub_labels': 'not_human', 'sub_labels_conf': 0.9978439807891846, 'id': 3}, {'box': [1030.7989501953125, 244.45053100585938, 64.4765625, 46.70460510253906], 'conf': 0.3924661, 'label_id': 'cup', 'sub_labels': 'other', 'sub_labels_conf': 0.9996098875999451, 'id': 4}, {'box': [546.2150268554688, 62.64741134643555, 208.58248901367188, 124.59224700927734], 'conf': 0.64569354, 'label_id': 'tv', 'sub_labels': 'other', 'sub_labels_conf': 0.7565943598747253, 'id': 5}, {'box': [430.2138671875, 314.6263427734375, 331.3548278808594, 168.28012084960938], 'conf': 0.80536014, 'label_id': 'laptop', 'sub_labels': 'not_human', 'sub_labels_conf': 0.9999978542327881, 'id': 6}, {'box': [779.421630859375, 448.019775390625, 120.25799560546875, 180.04843139648438], 'conf': 0.37959585, 'label_id': 'backpack', 'sub_labels': 'other', 'sub_labels_conf': 0.8196853399276733, 'id': 9}, {'box': [230.01025390625, 159.38653564453125, 63.42579650878906, 52.927490234375], 'conf': 0.5641229, 'label_id': 'bottle', 'sub_labels': 'other', 'sub_labels_conf': 0.9998196959495544, 'id': 11}, {'box': [83.12519836425781, 329.07537841796875, 79.22844696044922, 102.17745971679688], 'conf': 0.23439403, 'label_id': 'bottle', 'sub_labels': 'other', 'sub_labels_conf': 0.9211724400520325, 'id': 12}]"
216,2024/5/22 Wednesday 0:1:3,"[{'box': [472.398681640625, 194.45315551757812, 46.888641357421875, 90.25187683105469], 'conf': 0.9094133, 'label_id': 'cell phone', 'sub_labels': 'other', 'sub_labels_conf': 0.9489302635192871, 'id': 1}, {'box': [539.5361328125, 328.174072265625, 33.68572998046875, 53.65863037109375], 'conf': 0.8011789, 'label_id': 'mouse', 'sub_labels': 'other', 'sub_labels_conf': 0.5467281937599182, 'id': 2}, {'box': [409.3385009765625, 304.6062927246094, 203.53286743164062, 77.18719482421875], 'conf': 0.75148183, 'label_id': 'keyboard', 'sub_labels': 'not_human', 'sub_labels_conf': 0.9978439807891846, 'id': 3}, {'box': [1030.80419921875, 244.48341369628906, 64.4713134765625, 46.680450439453125], 'conf': 0.4278009, 'label_id': 'cup', 'sub_labels': 'other', 'sub_labels_conf': 0.9996098875999451, 'id': 4}, {'box': [546.157470703125, 62.67599105834961, 208.49313354492188, 124.66248321533203], 'conf': 0.6458546, 'label_id': 'tv', 'sub_labels': 'other', 'sub_labels_conf': 0.7565943598747253, 'id': 5}, {'box': [430.1791076660156, 314.6259460449219, 331.14910888671875, 168.34014892578125], 'conf': 0.7962086, 'label_id': 'laptop', 'sub_labels': 'not_human', 'sub_labels_conf': 0.9999978542327881, 'id': 6}, {'box': [781.8109130859375, 445.7535400390625, 126.01129150390625, 182.50631713867188], 'conf': 0.2716231, 'label_id': 'backpack', 'sub_labels': 'other', 'sub_labels_conf': 0.960955023765564, 'id': 9}, {'box': [229.97750854492188, 159.35923767089844, 63.47398376464844, 53.040557861328125], 'conf': 0.5266577, 'label_id': 'bottle', 'sub_labels': 'other', 'sub_labels_conf': 0.999817430973053, 'id': 11}, {'box': [83.12255859375, 329.0054931640625, 79.12262725830078, 102.06851196289062], 'conf': 0.25918326, 'label_id': 'bottle', 'sub_labels': 'other', 'sub_labels_conf': 0.9095228910446167, 'id': 12}]"
217,2024/5/22 Wednesday 0:1:3,"[{'box': [472.3877258300781, 194.4421844482422, 46.874267578125, 90.25711059570312], 'conf': 0.90916634, 'label_id': 'cell phone', 'sub_labels': 'other', 'sub_labels_conf': 0.9489302635192871, 'id': 1}, {'box': [539.5272216796875, 328.1832275390625, 33.677734375, 53.672760009765625], 'conf': 0.80801374, 'label_id': 'mouse', 'sub_labels': 'other', 'sub_labels_conf': 0.5467281937599182, 'id': 2}, {'box': [409.3672790527344, 304.59564208984375, 203.41754150390625, 77.19155883789062], 'conf': 0.74773407, 'label_id': 'keyboard', 'sub_labels': 'not_human', 'sub_labels_conf': 0.9978439807891846, 'id': 3}, {'box': [1030.8037109375, 244.52015686035156, 64.466064453125, 46.673431396484375], 'conf': 0.44555658, 'label_id': 'cup', 'sub_labels': 'other', 'sub_labels_conf': 0.9996098875999451, 'id': 4}, {'box': [546.13134765625, 62.67868423461914, 208.47308349609375, 124.6546401977539], 'conf': 0.64562744, 'label_id': 'tv', 'sub_labels': 'other', 'sub_labels_conf': 0.7565943598747253, 'id': 5}, {'box': [430.1187438964844, 314.5326843261719, 331.29779052734375, 168.26678466796875], 'conf': 0.80280346, 'label_id': 'laptop', 'sub_labels': 'not_human', 'sub_labels_conf': 0.9999978542327881, 'id': 6}, {'box': [784.397705078125, 442.943359375, 131.69793701171875, 184.60440063476562], 'conf': 0.18815401, 'label_id': 'backpack', 'sub_labels': 'other', 'sub_labels_conf': 0.7607664465904236, 'id': 9}, {'box': [229.94630432128906, 159.4791259765625, 63.533294677734375, 52.86894226074219], 'conf': 0.540838, 'label_id': 'bottle', 'sub_labels': 'other', 'sub_labels_conf': 0.999817430973053, 'id': 11}, {'box': [83.18983459472656, 329.09912109375, 78.91666412353516, 101.85525512695312], 'conf': 0.24199289, 'label_id': 'bottle', 'sub_labels': 'other', 'sub_labels_conf': 0.9437041878700256, 'id': 12}]"
218,2024/5/22 Wednesday 0:1:3,"[{'box': [472.3912353515625, 194.43031311035156, 46.843414306640625, 90.29916381835938], 'conf': 0.90810734, 'label_id': 'cell phone', 'sub_labels': 'other', 'sub_labels_conf': 0.9492068290710449, 'id': 1}, {'box': [539.5421142578125, 328.18402099609375, 33.66424560546875, 53.619293212890625], 'conf': 0.80601937, 'label_id': 'mouse', 'sub_labels': 'other', 'sub_labels_conf': 0.5467281937599182, 'id': 2}, {'box': [409.3442687988281, 304.6123046875, 203.4422607421875, 77.12124633789062], 'conf': 0.74385506, 'label_id': 'keyboard', 'sub_labels': 'not_human', 'sub_labels_conf': 0.9978439807891846, 'id': 3}, {'box': [1030.8037109375, 244.51670837402344, 64.4715576171875, 46.687896728515625], 'conf': 0.41787207, 'label_id': 'cup', 'sub_labels': 'other', 'sub_labels_conf': 0.9996098875999451, 'id': 4}, {'box': [546.1221313476562, 62.565128326416016, 208.38442993164062, 124.34394073486328], 'conf': 0.63753074, 'label_id': 'tv', 'sub_labels': 'other', 'sub_labels_conf': 0.7645431756973267, 'id': 5}, {'box': [429.9439697265625, 314.45098876953125, 331.0531921386719, 168.16641235351562], 'conf': 0.7732726, 'label_id': 'laptop', 'sub_labels': 'not_human', 'sub_labels_conf': 0.999997615814209, 'id': 6}, {'box': [782.7369995117188, 444.880859375, 128.206298828125, 184.7926025390625], 'conf': 0.1931791, 'label_id': 'backpack', 'sub_labels': 'other', 'sub_labels_conf': 0.8639707565307617, 'id': 9}, {'box': [229.89981079101562, 159.60166931152344, 63.653564453125, 52.715301513671875], 'conf': 0.5074194, 'label_id': 'bottle', 'sub_labels': 'other', 'sub_labels_conf': 0.9998217225074768, 'id': 11}, {'box': [83.19136047363281, 329.3223876953125, 79.24732971191406, 102.18133544921875], 'conf': 0.23646215, 'label_id': 'bottle', 'sub_labels': 'other', 'sub_labels_conf': 0.9332607984542847, 'id': 12}]"
219,2024/5/22 Wednesday 0:1:3,"[{'box': [472.37701416015625, 194.42703247070312, 46.84478759765625, 90.29421997070312], 'conf': 0.90764546, 'label_id': 'cell phone', 'sub_labels': 'other', 'sub_labels_conf': 0.9492068290710449, 'id': 1}, {'box': [539.531494140625, 328.16864013671875, 33.66973876953125, 53.59344482421875], 'conf': 0.80347687, 'label_id': 'mouse', 'sub_labels': 'other', 'sub_labels_conf': 0.5467281937599182, 'id': 2}, {'box': [409.3665771484375, 304.60693359375, 203.37313842773438, 77.09112548828125], 'conf': 0.7357392, 'label_id': 'keyboard', 'sub_labels': 'not_human', 'sub_labels_conf': 0.9978439807891846, 'id': 3}, {'box': [1030.7822265625, 244.48345947265625, 64.47943115234375, 46.70683288574219], 'conf': 0.38988703, 'label_id': 'cup', 'sub_labels': 'other', 'sub_labels_conf': 0.9996098875999451, 'id': 4}, {'box': [546.1195068359375, 62.449153900146484, 208.36788940429688, 124.09191131591797], 'conf': 0.63557017, 'label_id': 'tv', 'sub_labels': 'other', 'sub_labels_conf': 0.7645431756973267, 'id': 5}, {'box': [429.86883544921875, 314.3572082519531, 331.1343994140625, 168.0673828125], 'conf': 0.781659, 'label_id': 'laptop', 'sub_labels': 'not_human', 'sub_labels_conf': 0.9999974966049194, 'id': 6}, {'box': [781.4510498046875, 445.860107421875, 126.036376953125, 182.74362182617188], 'conf': 0.3219772, 'label_id': 'backpack', 'sub_labels': 'other', 'sub_labels_conf': 0.921227753162384, 'id': 9}, {'box': [229.83749389648438, 159.6488037109375, 63.73735046386719, 52.71763610839844], 'conf': 0.51457787, 'label_id': 'bottle', 'sub_labels': 'other', 'sub_labels_conf': 0.9998217225074768, 'id': 11}, {'box': [83.11275482177734, 329.3467102050781, 79.43443298339844, 102.12994384765625], 'conf': 0.27481657, 'label_id': 'bottle', 'sub_labels': 'other', 'sub_labels_conf': 0.9320374131202698, 'id': 12}]"
220,2024/5/22 Wednesday 0:1:3,"[{'box': [472.3692626953125, 194.45101928710938, 46.804473876953125, 90.26435852050781], 'conf': 0.9065402, 'label_id': 'cell phone', 'sub_labels': 'other', 'sub_labels_conf': 0.9492068290710449, 'id': 1}, {'box': [539.5498657226562, 328.1719055175781, 33.669677734375, 53.57611083984375], 'conf': 0.80203027, 'label_id': 'mouse', 'sub_labels': 'other', 'sub_labels_conf': 0.5467281937599182, 'id': 2}, {'box': [409.33148193359375, 304.6075439453125, 203.53289794921875, 77.16415405273438], 'conf': 0.74334854, 'label_id': 'keyboard', 'sub_labels': 'not_human', 'sub_labels_conf': 0.9978439807891846, 'id': 3}, {'box': [1030.9036865234375, 244.7468719482422, 64.32830810546875, 46.165435791015625], 'conf': 0.37477553, 'label_id': 'cup', 'sub_labels': 'other', 'sub_labels_conf': 0.9996098875999451, 'id': 4}, {'box': [546.2239379882812, 62.604835510253906, 208.60275268554688, 124.39352416992188], 'conf': 0.6314187, 'label_id': 'tv', 'sub_labels': 'other', 'sub_labels_conf': 0.7645431756973267, 'id': 5}, {'box': [429.82110595703125, 314.38671875, 331.0210876464844, 167.87713623046875], 'conf': 0.76593673, 'label_id': 'laptop', 'sub_labels': 'not_human', 'sub_labels_conf': 0.9999985694885254, 'id': 6}, {'box': [778.7552490234375, 451.08209228515625, 118.62457275390625, 172.4581298828125], 'conf': 0.28438574, 'label_id': 'backpack', 'sub_labels': 'other', 'sub_labels_conf': 0.929768979549408, 'id': 9}, {'box': [229.86605834960938, 159.743408203125, 63.73536682128906, 52.60255432128906], 'conf': 0.5291466, 'label_id': 'bottle', 'sub_labels': 'other', 'sub_labels_conf': 0.9998217225074768, 'id': 11}, {'box': [83.20723724365234, 329.60162353515625, 79.34637451171875, 102.33596801757812], 'conf': 0.20367265, 'label_id': 'bottle', 'sub_labels': 'other', 'sub_labels_conf': 0.9686944484710693, 'id': 12}]"
221,2024/5/22 Wednesday 0:1:3,"[{'box': [472.3775634765625, 194.48684692382812, 46.806732177734375, 90.25422668457031], 'conf': 0.9064294, 'label_id': 'cell phone', 'sub_labels': 'other', 'sub_labels_conf': 0.9492068290710449, 'id': 1}, {'box': [539.5638427734375, 328.18011474609375, 33.666748046875, 53.560028076171875], 'conf': 0.8086703, 'label_id': 'mouse', 'sub_labels': 'other', 'sub_labels_conf': 0.5467281937599182, 'id': 2}, {'box': [409.3275146484375, 304.6424255371094, 203.55007934570312, 77.0966796875], 'conf': 0.74124175, 'label_id': 'keyboard', 'sub_labels': 'not_human', 'sub_labels_conf': 0.9978439807891846, 'id': 3}, {'box': [1030.839599609375, 244.56886291503906, 64.429443359375, 46.499237060546875], 'conf': 0.37583032, 'label_id': 'cup', 'sub_labels': 'other', 'sub_labels_conf': 0.9996098875999451, 'id': 4}, {'box': [546.24169921875, 62.6220817565918, 208.580078125, 124.3723373413086], 'conf': 0.6371202, 'label_id': 'tv', 'sub_labels': 'other', 'sub_labels_conf': 0.7645431756973267, 'id': 5}, {'box': [429.8213806152344, 314.4301452636719, 331.06549072265625, 167.6724090576172], 'conf': 0.76114786, 'label_id': 'laptop', 'sub_labels': 'not_human', 'sub_labels_conf': 0.9999985694885254, 'id': 6}, {'box': [778.494384765625, 451.7310791015625, 117.27972412109375, 171.27151489257812], 'conf': 0.19479407, 'label_id': 'backpack', 'sub_labels': 'other', 'sub_labels_conf': 0.6836955547332764, 'id': 9}, {'box': [229.82284545898438, 159.69198608398438, 63.89436340332031, 52.80000305175781], 'conf': 0.54816365, 'label_id': 'bottle', 'sub_labels': 'other', 'sub_labels_conf': 0.9998217225074768, 'id': 11}, {'box': [83.20858001708984, 329.6590576171875, 79.33860778808594, 102.5948486328125], 'conf': 0.35888806, 'label_id': 'bottle', 'sub_labels': 'other', 'sub_labels_conf': 0.9582356810569763, 'id': 12}]"
222,2024/5/22 Wednesday 0:1:3,"[{'box': [472.4050598144531, 194.4798126220703, 46.79681396484375, 90.27334594726562], 'conf': 0.90621585, 'label_id': 'cell phone', 'sub_labels': 'other', 'sub_labels_conf': 0.9492068290710449, 'id': 1}, {'box': [539.592529296875, 328.17523193359375, 33.679443359375, 53.56402587890625], 'conf': 0.81240344, 'label_id': 'mouse', 'sub_labels': 'other', 'sub_labels_conf': 0.5467281937599182, 'id': 2}, {'box': [409.33172607421875, 304.6700744628906, 203.6297607421875, 77.086181640625], 'conf': 0.7479075, 'label_id': 'keyboard', 'sub_labels': 'not_human', 'sub_labels_conf': 0.9978439807891846, 'id': 3}, {'box': [1030.91796875, 244.77975463867188, 64.3187255859375, 46.0928955078125], 'conf': 0.36932975, 'label_id': 'cup', 'sub_labels': 'other', 'sub_labels_conf': 0.9996098875999451, 'id': 4}, {'box': [546.2811889648438, 62.642967224121094, 208.63330078125, 124.42961120605469], 'conf': 0.635747, 'label_id': 'tv', 'sub_labels': 'other', 'sub_labels_conf': 0.7645431756973267, 'id': 5}, {'box': [429.8440246582031, 314.38446044921875, 330.96148681640625, 168.01976013183594], 'conf': 0.7361608, 'label_id': 'laptop', 'sub_labels': 'not_human', 'sub_labels_conf': 0.9999974966049194, 'id': 6}, {'box': [778.466552734375, 450.65008544921875, 117.604248046875, 171.73593139648438], 'conf': 0.307687, 'label_id': 'backpack', 'sub_labels': 'other', 'sub_labels_conf': 0.7997357845306396, 'id': 9}, {'box': [229.96762084960938, 159.89657592773438, 63.62689208984375, 52.38079833984375], 'conf': 0.5004614, 'label_id': 'bottle', 'sub_labels': 'other', 'sub_labels_conf': 0.9998217225074768, 'id': 11}, {'box': [83.04179382324219, 329.63323974609375, 80.09012603759766, 103.5194091796875], 'conf': 0.51972425, 'label_id': 'bottle', 'sub_labels': 'other', 'sub_labels_conf': 0.9795297980308533, 'id': 12}]"
223,2024/5/22 Wednesday 0:1:3,"[{'box': [472.4344177246094, 194.45977783203125, 46.810302734375, 90.30174255371094], 'conf': 0.90592116, 'label_id': 'cell phone', 'sub_labels': 'other', 'sub_labels_conf': 0.9492068290710449, 'id': 1}, {'box': [539.6159057617188, 328.1675720214844, 33.6885986328125, 53.56719970703125], 'conf': 0.80818254, 'label_id': 'mouse', 'sub_labels': 'other', 'sub_labels_conf': 0.5467281937599182, 'id': 2}, {'box': [409.286865234375, 304.67926025390625, 203.67864990234375, 77.01272583007812], 'conf': 0.7494408, 'label_id': 'keyboard', 'sub_labels': 'not_human', 'sub_labels_conf': 0.9978439807891846, 'id': 3}, {'box': [1030.8487548828125, 244.58120727539062, 64.41796875, 46.47099304199219], 'conf': 0.3887916, 'label_id': 'cup', 'sub_labels': 'other', 'sub_labels_conf': 0.9996098875999451, 'id': 4}, {'box': [546.3238525390625, 62.655941009521484, 208.67178344726562, 124.49681854248047], 'conf': 0.6286043, 'label_id': 'tv', 'sub_labels': 'other', 'sub_labels_conf': 0.7645431756973267, 'id': 5}, {'box': [429.79705810546875, 314.4200134277344, 330.7378845214844, 168.396484375], 'conf': 0.7127104, 'label_id': 'laptop', 'sub_labels': 'not_human', 'sub_labels_conf': 0.999997615814209, 'id': 6}, {'box': [778.6819458007812, 449.6967468261719, 118.832275390625, 173.29205322265625], 'conf': 0.2752207, 'label_id': 'backpack', 'sub_labels': 'other', 'sub_labels_conf': 0.8591973185539246, 'id': 9}, {'box': [230.05587768554688, 159.87034606933594, 63.5474853515625, 52.405059814453125], 'conf': 0.45107222, 'label_id': 'bottle', 'sub_labels': 'other', 'sub_labels_conf': 0.9998292922973633, 'id': 11}, {'box': [83.03755950927734, 329.6531982421875, 80.38227844238281, 103.74114990234375], 'conf': 0.5382699, 'label_id': 'bottle', 'sub_labels': 'other', 'sub_labels_conf': 0.9730303883552551, 'id': 12}]"
224,2024/5/22 Wednesday 0:1:3,"[{'box': [472.4381408691406, 194.42489624023438, 46.827880859375, 90.33473205566406], 'conf': 0.9066623, 'label_id': 'cell phone', 'sub_labels': 'other', 'sub_labels_conf': 0.9492068290710449, 'id': 1}, {'box': [539.619140625, 328.149169921875, 33.70343017578125, 53.5887451171875], 'conf': 0.804655, 'label_id': 'mouse', 'sub_labels': 'other', 'sub_labels_conf': 0.5467281937599182, 'id': 2}, {'box': [409.29742431640625, 304.7181091308594, 203.66787719726562, 76.98663330078125], 'conf': 0.7482533, 'label_id': 'keyboard', 'sub_labels': 'not_human', 'sub_labels_conf': 0.9978439807891846, 'id': 3}, {'box': [1030.812255859375, 244.5250244140625, 64.4332275390625, 46.5960693359375], 'conf': 0.42058593, 'label_id': 'cup', 'sub_labels': 'other', 'sub_labels_conf': 0.9996098875999451, 'id': 4}, {'box': [546.2860107421875, 62.501426696777344, 208.44430541992188, 124.19618225097656], 'conf': 0.62989414, 'label_id': 'tv', 'sub_labels': 'other', 'sub_labels_conf': 0.7645431756973267, 'id': 5}, {'box': [429.777587890625, 314.416259765625, 330.5837707519531, 168.81143188476562], 'conf': 0.6780668, 'label_id': 'laptop', 'sub_labels': 'not_human', 'sub_labels_conf': 0.999997615814209, 'id': 6}, {'box': [779.7098999023438, 448.1756591796875, 121.9307861328125, 176.28768920898438], 'conf': 0.29789257, 'label_id': 'backpack', 'sub_labels': 'other', 'sub_labels_conf': 0.6504600644111633, 'id': 9}, {'box': [230.35842895507812, 160.02487182617188, 63.4755859375, 53.2554931640625], 'conf': 0.49844658, 'label_id': 'bottle', 'sub_labels': 'other', 'sub_labels_conf': 0.999847412109375, 'id': 11}, {'box': [83.19361877441406, 329.5852355957031, 79.78973388671875, 103.40325927734375], 'conf': 0.4967258, 'label_id': 'bottle', 'sub_labels': 'other', 'sub_labels_conf': 0.9746868014335632, 'id': 12}]"
225,2024/5/22 Wednesday 0:1:4,"[{'box': [472.4405212402344, 194.421142578125, 46.825439453125, 90.34063720703125], 'conf': 0.9063213, 'label_id': 'cell phone', 'sub_labels': 'other', 'sub_labels_conf': 0.9492068290710449, 'id': 1}, {'box': [539.6155395507812, 328.162353515625, 33.7216796875, 53.597930908203125], 'conf': 0.8086266, 'label_id': 'mouse', 'sub_labels': 'other', 'sub_labels_conf': 0.5467281937599182, 'id': 2}, {'box': [409.32415771484375, 304.7401123046875, 203.5732421875, 76.95492553710938], 'conf': 0.7435935, 'label_id': 'keyboard', 'sub_labels': 'not_human', 'sub_labels_conf': 0.9978439807891846, 'id': 3}, {'box': [1030.797119140625, 244.533447265625, 64.4376220703125, 46.63850402832031], 'conf': 0.45300406, 'label_id': 'cup', 'sub_labels': 'other', 'sub_labels_conf': 0.9996098875999451, 'id': 4}, {'box': [546.2615966796875, 62.52639389038086, 208.38140869140625, 124.24446868896484], 'conf': 0.6329167, 'label_id': 'tv', 'sub_labels': 'other', 'sub_labels_conf': 0.7645431756973267, 'id': 5}, {'box': [429.8447265625, 314.3583984375, 330.6474914550781, 168.89398193359375], 'conf': 0.71060336, 'label_id': 'laptop', 'sub_labels': 'not_human', 'sub_labels_conf': 0.999997615814209, 'id': 6}, {'box': [780.600830078125, 446.161865234375, 123.14385986328125, 181.26400756835938], 'conf': 0.11675885, 'label_id': 'backpack', 'sub_labels': 'other', 'sub_labels_conf': 0.9080702066421509, 'id': 9}, {'box': [230.11691284179688, 159.73036193847656, 63.66326904296875, 53.089569091796875], 'conf': 0.45236996, 'label_id': 'bottle', 'sub_labels': 'other', 'sub_labels_conf': 0.9998292922973633, 'id': 11}, {'box': [83.3041763305664, 329.79388427734375, 79.58895874023438, 103.19705200195312], 'conf': 0.5489449, 'label_id': 'bottle', 'sub_labels': 'other', 'sub_labels_conf': 0.9748488068580627, 'id': 12}]"
226,2024/5/22 Wednesday 0:1:4,"[{'box': [472.44769287109375, 194.42724609375, 46.8095703125, 90.30802917480469], 'conf': 0.9080354, 'label_id': 'cell phone', 'sub_labels': 'other', 'sub_labels_conf': 0.9492068290710449, 'id': 1}, {'box': [539.6261596679688, 328.16156005859375, 33.709716796875, 53.585113525390625], 'conf': 0.8114058, 'label_id': 'mouse', 'sub_labels': 'other', 'sub_labels_conf': 0.5467281937599182, 'id': 2}, {'box': [409.3115234375, 304.706298828125, 203.5621337890625, 76.96719360351562], 'conf': 0.7512722, 'label_id': 'keyboard', 'sub_labels': 'not_human', 'sub_labels_conf': 0.9978439807891846, 'id': 3}, {'box': [1030.7978515625, 244.53643798828125, 64.4468994140625, 46.64935302734375], 'conf': 0.4557572, 'label_id': 'cup', 'sub_labels': 'other', 'sub_labels_conf': 0.9996098875999451, 'id': 4}, {'box': [546.2290649414062, 62.545143127441406, 208.36865234375, 124.27584838867188], 'conf': 0.6375412, 'label_id': 'tv', 'sub_labels': 'other', 'sub_labels_conf': 0.7645431756973267, 'id': 5}, {'box': [429.88214111328125, 314.395751953125, 330.5561828613281, 168.8532257080078], 'conf': 0.7180525, 'label_id': 'laptop', 'sub_labels': 'not_human', 'sub_labels_conf': 0.999997615814209, 'id': 6}, {'box': [779.178466796875, 447.798828125, 119.66705322265625, 179.84805297851562], 'conf': 0.24084616, 'label_id': 'backpack', 'sub_labels': 'other', 'sub_labels_conf': 0.8956039547920227, 'id': 9}, {'box': [230.02993774414062, 159.60986328125, 63.69944763183594, 52.9979248046875], 'conf': 0.5385228, 'label_id': 'bottle', 'sub_labels': 'other', 'sub_labels_conf': 0.9998292922973633, 'id': 11}, {'box': [83.38853454589844, 329.864990234375, 79.44059753417969, 103.1031494140625], 'conf': 0.5260601, 'label_id': 'bottle', 'sub_labels': 'other', 'sub_labels_conf': 0.9723029732704163, 'id': 12}]"
227,2024/5/22 Wednesday 0:1:4,"[{'box': [472.4494934082031, 194.42601013183594, 46.83868408203125, 90.33651733398438], 'conf': 0.9088338, 'label_id': 'cell phone', 'sub_labels': 'other', 'sub_labels_conf': 0.9492068290710449, 'id': 1}, {'box': [539.6234130859375, 328.1558837890625, 33.69268798828125, 53.55633544921875], 'conf': 0.8035772, 'label_id': 'mouse', 'sub_labels': 'other', 'sub_labels_conf': 0.5467281937599182, 'id': 2}, {'box': [409.2984313964844, 304.6805725097656, 203.6060791015625, 76.9554443359375], 'conf': 0.7469368, 'label_id': 'keyboard', 'sub_labels': 'not_human', 'sub_labels_conf': 0.9978439807891846, 'id': 3}, {'box': [1030.77734375, 244.48532104492188, 64.4766845703125, 46.69085693359375], 'conf': 0.40217185, 'label_id': 'cup', 'sub_labels': 'other', 'sub_labels_conf': 0.9996098875999451, 'id': 4}, {'box': [546.1770629882812, 62.47169494628906, 208.2071533203125, 124.09806823730469], 'conf': 0.63490504, 'label_id': 'tv', 'sub_labels': 'other', 'sub_labels_conf': 0.7645431756973267, 'id': 5}, {'box': [429.77410888671875, 314.3677673339844, 330.7103271484375, 168.29734802246094], 'conf': 0.70858717, 'label_id': 'laptop', 'sub_labels': 'not_human', 'sub_labels_conf': 0.9999977350234985, 'id': 6}, {'box': [778.53857421875, 448.94683837890625, 117.735595703125, 177.00985717773438], 'conf': 0.1955934, 'label_id': 'backpack', 'sub_labels': 'other', 'sub_labels_conf': 0.7487024664878845, 'id': 9}, {'box': [229.9973602294922, 159.58615112304688, 63.732818603515625, 52.932342529296875], 'conf': 0.527377, 'label_id': 'bottle', 'sub_labels': 'other', 'sub_labels_conf': 0.9998217225074768, 'id': 11}, {'box': [83.37086486816406, 329.841064453125, 79.5161361694336, 103.29226684570312], 'conf': 0.5708374, 'label_id': 'bottle', 'sub_labels': 'other', 'sub_labels_conf': 0.9626263380050659, 'id': 12}]"
228,2024/5/22 Wednesday 0:1:4,"[{'box': [472.4505615234375, 194.42242431640625, 46.8984375, 90.39414978027344], 'conf': 0.9102952, 'label_id': 'cell phone', 'sub_labels': 'other', 'sub_labels_conf': 0.9492068290710449, 'id': 1}, {'box': [539.6232299804688, 328.17791748046875, 33.7056884765625, 53.593231201171875], 'conf': 0.78356683, 'label_id': 'mouse', 'sub_labels': 'other', 'sub_labels_conf': 0.5467281937599182, 'id': 2}, {'box': [409.3182373046875, 304.6672668457031, 203.635498046875, 77.07666015625], 'conf': 0.74437344, 'label_id': 'keyboard', 'sub_labels': 'not_human', 'sub_labels_conf': 0.9978439807891846, 'id': 3}, {'box': [1030.778564453125, 244.46063232421875, 64.4649658203125, 46.66590881347656], 'conf': 0.39677855, 'label_id': 'cup', 'sub_labels': 'other', 'sub_labels_conf': 0.9996098875999451, 'id': 4}, {'box': [546.19873046875, 62.59489059448242, 208.27963256835938, 124.29199981689453], 'conf': 0.6236199, 'label_id': 'tv', 'sub_labels': 'other', 'sub_labels_conf': 0.7645431756973267, 'id': 5}, {'box': [429.9049377441406, 314.529296875, 331.27838134765625, 167.793701171875], 'conf': 0.73921096, 'label_id': 'laptop', 'sub_labels': 'not_human', 'sub_labels_conf': 0.9999984502792358, 'id': 6}, {'box': [778.9588623046875, 447.74237060546875, 119.2342529296875, 177.64523315429688], 'conf': 0.32463178, 'label_id': 'backpack', 'sub_labels': 'other', 'sub_labels_conf': 0.8818339705467224, 'id': 9}, {'box': [229.9578399658203, 159.7234344482422, 63.793914794921875, 52.804656982421875], 'conf': 0.52991736, 'label_id': 'bottle', 'sub_labels': 'other', 'sub_labels_conf': 0.9998217225074768, 'id': 11}, {'box': [83.1527099609375, 329.91363525390625, 80.37516784667969, 103.86325073242188], 'conf': 0.6593108, 'label_id': 'bottle', 'sub_labels': 'other', 'sub_labels_conf': 0.968479573726654, 'id': 12}]"
229,2024/5/22 Wednesday 0:1:4,"[{'box': [472.45159912109375, 194.42840576171875, 46.875762939453125, 90.352783203125], 'conf': 0.90841955, 'label_id': 'cell phone', 'sub_labels': 'other', 'sub_labels_conf': 0.9492068290710449, 'id': 1}, {'box': [539.619384765625, 328.17022705078125, 33.7208251953125, 53.61077880859375], 'conf': 0.8019829, 'label_id': 'mouse', 'sub_labels': 'other', 'sub_labels_conf': 0.5467281937599182, 'id': 2}, {'box': [409.3956298828125, 304.5904541015625, 203.54904174804688, 77.13076782226562], 'conf': 0.7344585, 'label_id': 'keyboard', 'sub_labels': 'not_human', 'sub_labels_conf': 0.9978439807891846, 'id': 3}, {'box': [1030.789794921875, 244.46612548828125, 64.4647216796875, 46.67475891113281], 'conf': 0.4045706, 'label_id': 'cup', 'sub_labels': 'other', 'sub_labels_conf': 0.9996098875999451, 'id': 4}, {'box': [546.31005859375, 62.70417022705078, 208.41009521484375, 124.51097106933594], 'conf': 0.62529784, 'label_id': 'tv', 'sub_labels': 'other', 'sub_labels_conf': 0.7645431756973267, 'id': 5}, {'box': [429.9456481933594, 314.3548889160156, 331.99017333984375, 167.63368225097656], 'conf': 0.72863525, 'label_id': 'laptop', 'sub_labels': 'not_human', 'sub_labels_conf': 0.9999984502792358, 'id': 6}, {'box': [778.8063354492188, 450.5753173828125, 117.4598388671875, 172.02267456054688], 'conf': 0.137154, 'label_id': 'backpack', 'sub_labels': 'other', 'sub_labels_conf': 0.7523212432861328, 'id': 9}, {'box': [229.8699951171875, 159.8612518310547, 63.95191955566406, 52.54583740234375], 'conf': 0.53449583, 'label_id': 'bottle', 'sub_labels': 'other', 'sub_labels_conf': 0.9998217225074768, 'id': 11}, {'box': [83.06397247314453, 329.63128662109375, 80.31484985351562, 103.76925659179688], 'conf': 0.6604545, 'label_id': 'bottle', 'sub_labels': 'other', 'sub_labels_conf': 0.961067795753479, 'id': 12}]"
230,2024/5/22 Wednesday 0:1:4,"[{'box': [472.45074462890625, 194.43338012695312, 46.885986328125, 90.35211181640625], 'conf': 0.9090957, 'label_id': 'cell phone', 'sub_labels': 'other', 'sub_labels_conf': 0.9492068290710449, 'id': 1}, {'box': [539.6109619140625, 328.18426513671875, 33.71905517578125, 53.60992431640625], 'conf': 0.7984993, 'label_id': 'mouse', 'sub_labels': 'other', 'sub_labels_conf': 0.5467281937599182, 'id': 2}, {'box': [409.45770263671875, 304.57781982421875, 203.39517211914062, 77.20223999023438], 'conf': 0.7240514, 'label_id': 'keyboard', 'sub_labels': 'not_human', 'sub_labels_conf': 0.9978439807891846, 'id': 3}, {'box': [1030.796630859375, 244.47958374023438, 64.464111328125, 46.66609191894531], 'conf': 0.40807697, 'label_id': 'cup', 'sub_labels': 'other', 'sub_labels_conf': 0.9996098875999451, 'id': 4}, {'box': [546.297607421875, 62.7268180847168, 208.43057250976562, 124.54241180419922], 'conf': 0.6205315, 'label_id': 'tv', 'sub_labels': 'other', 'sub_labels_conf': 0.7645431756973267, 'id': 5}, {'box': [430.04852294921875, 314.34991455078125, 332.2920227050781, 167.74331665039062], 'conf': 0.763294, 'label_id': 'laptop', 'sub_labels': 'not_human', 'sub_labels_conf': 0.9999982118606567, 'id': 6}, {'box': [777.8661499023438, 453.5009765625, 115.1953125, 165.84548950195312], 'conf': 0.23388079, 'label_id': 'backpack', 'sub_labels': 'other', 'sub_labels_conf': 0.7424709796905518, 'id': 9}, {'box': [229.83546447753906, 159.9462890625, 63.984893798828125, 52.45582580566406], 'conf': 0.5362837, 'label_id': 'bottle', 'sub_labels': 'other', 'sub_labels_conf': 0.9998217225074768, 'id': 11}, {'box': [82.98797607421875, 329.6187744140625, 80.2783203125, 103.79306030273438], 'conf': 0.65637094, 'label_id': 'bottle', 'sub_labels': 'other', 'sub_labels_conf': 0.9532873034477234, 'id': 12}]"
231,2024/5/22 Wednesday 0:1:4,"[{'box': [472.4526062011719, 194.47271728515625, 46.9049072265625, 90.35411071777344], 'conf': 0.9097349, 'label_id': 'cell phone', 'sub_labels': 'other', 'sub_labels_conf': 0.9492068290710449, 'id': 1}, {'box': [539.623779296875, 328.20733642578125, 33.70538330078125, 53.552581787109375], 'conf': 0.80993515, 'label_id': 'mouse', 'sub_labels': 'other', 'sub_labels_conf': 0.5467281937599182, 'id': 2}, {'box': [409.47845458984375, 304.6038818359375, 203.40707397460938, 77.19354248046875], 'conf': 0.7318501, 'label_id': 'keyboard', 'sub_labels': 'not_human', 'sub_labels_conf': 0.9978439807891846, 'id': 3}, {'box': [1030.80810546875, 244.4767608642578, 64.4595947265625, 46.646087646484375], 'conf': 0.42632517, 'label_id': 'cup', 'sub_labels': 'other', 'sub_labels_conf': 0.9996098875999451, 'id': 4}, {'box': [546.32666015625, 62.78997802734375, 208.525146484375, 124.59754943847656], 'conf': 0.6215103, 'label_id': 'tv', 'sub_labels': 'other', 'sub_labels_conf': 0.7645431756973267, 'id': 5}, {'box': [429.99200439453125, 314.2727966308594, 332.0082702636719, 167.90289306640625], 'conf': 0.7145775, 'label_id': 'laptop', 'sub_labels': 'not_human', 'sub_labels_conf': 0.9999980926513672, 'id': 6}, {'box': [778.215576171875, 450.0704345703125, 116.2860107421875, 172.623291015625], 'conf': 0.30675912, 'label_id': 'backpack', 'sub_labels': 'other', 'sub_labels_conf': 0.8300198316574097, 'id': 9}, {'box': [229.8569793701172, 160.05902099609375, 63.889556884765625, 52.32969665527344], 'conf': 0.5234367, 'label_id': 'bottle', 'sub_labels': 'other', 'sub_labels_conf': 0.9997484087944031, 'id': 11}, {'box': [82.86121368408203, 329.7914123535156, 80.93760681152344, 104.12939453125], 'conf': 0.6986901, 'label_id': 'bottle', 'sub_labels': 'other', 'sub_labels_conf': 0.9552559852600098, 'id': 12}]"
232,2024/5/22 Wednesday 0:1:4,"[{'box': [472.4317321777344, 194.48687744140625, 46.8974609375, 90.35246276855469], 'conf': 0.9095092, 'label_id': 'cell phone', 'sub_labels': 'other', 'sub_labels_conf': 0.9492068290710449, 'id': 1}, {'box': [539.61376953125, 328.2259521484375, 33.7081298828125, 53.555816650390625], 'conf': 0.79283893, 'label_id': 'mouse', 'sub_labels': 'other', 'sub_labels_conf': 0.5467281937599182, 'id': 2}, {'box': [409.4438781738281, 304.67413330078125, 203.46875, 77.17074584960938], 'conf': 0.73615336, 'label_id': 'keyboard', 'sub_labels': 'not_human', 'sub_labels_conf': 0.9978439807891846, 'id': 3}, {'box': [1030.8048095703125, 244.48147583007812, 64.455078125, 46.62876892089844], 'conf': 0.4140035, 'label_id': 'cup', 'sub_labels': 'other', 'sub_labels_conf': 0.9996098875999451, 'id': 4}, {'box': [546.2659912109375, 62.747806549072266, 208.42584228515625, 124.48590850830078], 'conf': 0.61691743, 'label_id': 'tv', 'sub_labels': 'other', 'sub_labels_conf': 0.7645431756973267, 'id': 5}, {'box': [429.9450988769531, 314.4267578125, 331.55035400390625, 167.82171630859375], 'conf': 0.689329, 'label_id': 'laptop', 'sub_labels': 'not_human', 'sub_labels_conf': 0.9999985694885254, 'id': 6}, {'box': [778.844970703125, 450.06463623046875, 118.58111572265625, 173.50686645507812], 'conf': 0.39081097, 'label_id': 'backpack', 'sub_labels': 'other', 'sub_labels_conf': 0.8517281413078308, 'id': 9}, {'box': [229.86550903320312, 160.109619140625, 63.82228088378906, 52.219085693359375], 'conf': 0.48984778, 'label_id': 'bottle', 'sub_labels': 'other', 'sub_labels_conf': 0.9997484087944031, 'id': 11}, {'box': [82.9520492553711, 329.6810607910156, 80.51475524902344, 103.74310302734375], 'conf': 0.6428149, 'label_id': 'bottle', 'sub_labels': 'other', 'sub_labels_conf': 0.9602747559547424, 'id': 12}]"
233,2024/5/22 Wednesday 0:1:4,"[{'box': [472.43048095703125, 194.4971923828125, 46.871124267578125, 90.318115234375], 'conf': 0.90777045, 'label_id': 'cell phone', 'sub_labels': 'other', 'sub_labels_conf': 0.9492068290710449, 'id': 1}, {'box': [539.6119384765625, 328.22747802734375, 33.70147705078125, 53.571502685546875], 'conf': 0.8003796, 'label_id': 'mouse', 'sub_labels': 'other', 'sub_labels_conf': 0.5467281937599182, 'id': 2}, {'box': [409.40631103515625, 304.7093505859375, 203.561767578125, 77.19210815429688], 'conf': 0.7414415, 'label_id': 'keyboard', 'sub_labels': 'not_human', 'sub_labels_conf': 0.9978439807891846, 'id': 3}, {'box': [1030.797119140625, 244.503662109375, 64.45550537109375, 46.633056640625], 'conf': 0.44236732, 'label_id': 'cup', 'sub_labels': 'other', 'sub_labels_conf': 0.9996098875999451, 'id': 4}, {'box': [546.2394409179688, 62.751670837402344, 208.31607055664062, 124.48541259765625], 'conf': 0.6267857, 'label_id': 'tv', 'sub_labels': 'other', 'sub_labels_conf': 0.7645431756973267, 'id': 5}, {'box': [429.92852783203125, 314.366943359375, 331.6766052246094, 167.83702087402344], 'conf': 0.6402744, 'label_id': 'laptop', 'sub_labels': 'not_human', 'sub_labels_conf': 0.9999985694885254, 'id': 6}, {'box': [778.888671875, 446.887939453125, 118.66375732421875, 180.6085205078125], 'conf': 0.16419062, 'label_id': 'backpack', 'sub_labels': 'other', 'sub_labels_conf': 0.6100557446479797, 'id': 9}, {'box': [229.88858032226562, 160.08065795898438, 63.76007080078125, 52.21522521972656], 'conf': 0.51167905, 'label_id': 'bottle', 'sub_labels': 'other', 'sub_labels_conf': 0.9997484087944031, 'id': 11}, {'box': [82.87527465820312, 329.83160400390625, 80.93943786621094, 103.87814331054688], 'conf': 0.65883744, 'label_id': 'bottle', 'sub_labels': 'other', 'sub_labels_conf': 0.9561508893966675, 'id': 12}]"
234,2024/5/22 Wednesday 0:1:4,"[{'box': [472.4385070800781, 194.49124145507812, 46.85614013671875, 90.31227111816406], 'conf': 0.90823174, 'label_id': 'cell phone', 'sub_labels': 'other', 'sub_labels_conf': 0.9492068290710449, 'id': 1}, {'box': [539.6221923828125, 328.230712890625, 33.70343017578125, 53.58355712890625], 'conf': 0.79493886, 'label_id': 'mouse', 'sub_labels': 'other', 'sub_labels_conf': 0.5467281937599182, 'id': 2}, {'box': [409.46368408203125, 304.6956787109375, 203.47988891601562, 77.19406127929688], 'conf': 0.7309424, 'label_id': 'keyboard', 'sub_labels': 'not_human', 'sub_labels_conf': 0.9978439807891846, 'id': 3}, {'box': [1030.82763671875, 244.53256225585938, 64.45050048828125, 46.64131164550781], 'conf': 0.46119797, 'label_id': 'cup', 'sub_labels': 'other', 'sub_labels_conf': 0.9996098875999451, 'id': 4}, {'box': [546.293701171875, 62.829551696777344, 208.390625, 124.67901611328125], 'conf': 0.6327729, 'label_id': 'tv', 'sub_labels': 'other', 'sub_labels_conf': 0.7645431756973267, 'id': 5}, {'box': [429.8994140625, 314.20904541015625, 331.7045593261719, 167.84083557128906], 'conf': 0.693299, 'label_id': 'laptop', 'sub_labels': 'not_human', 'sub_labels_conf': 0.9999985694885254, 'id': 6}, {'box': [780.288818359375, 446.05194091796875, 121.90045166015625, 182.34756469726562], 'conf': 0.15438657, 'label_id': 'backpack', 'sub_labels': 'other', 'sub_labels_conf': 0.9240357279777527, 'id': 9}, {'box': [229.89511108398438, 160.05670166015625, 63.71881103515625, 52.15318298339844], 'conf': 0.53755707, 'label_id': 'bottle', 'sub_labels': 'other', 'sub_labels_conf': 0.9997484087944031, 'id': 11}, {'box': [82.86827087402344, 329.9568786621094, 81.05088806152344, 103.9736328125], 'conf': 0.63583153, 'label_id': 'bottle', 'sub_labels': 'other', 'sub_labels_conf': 0.955761730670929, 'id': 12}]"
235,2024/5/22 Wednesday 0:1:4,"[{'box': [472.4317626953125, 194.48486328125, 46.860687255859375, 90.31062316894531], 'conf': 0.9090525, 'label_id': 'cell phone', 'sub_labels': 'other', 'sub_labels_conf': 0.9492068290710449, 'id': 1}, {'box': [539.6097412109375, 328.2068786621094, 33.71148681640625, 53.5537109375], 'conf': 0.81415504, 'label_id': 'mouse', 'sub_labels': 'other', 'sub_labels_conf': 0.5467281937599182, 'id': 2}, {'box': [409.3876647949219, 304.6158142089844, 203.50177001953125, 77.15264892578125], 'conf': 0.7369938, 'label_id': 'keyboard', 'sub_labels': 'not_human', 'sub_labels_conf': 0.9978439807891846, 'id': 3}, {'box': [1030.8316650390625, 244.54977416992188, 64.461669921875, 46.65476989746094], 'conf': 0.46567217, 'label_id': 'cup', 'sub_labels': 'other', 'sub_labels_conf': 0.9996098875999451, 'id': 4}, {'box': [546.240966796875, 62.83542251586914, 208.29574584960938, 124.7220230102539], 'conf': 0.63306993, 'label_id': 'tv', 'sub_labels': 'other', 'sub_labels_conf': 0.7645431756973267, 'id': 5}, {'box': [429.8736572265625, 314.0667724609375, 331.6240539550781, 167.41183471679688], 'conf': 0.68644077, 'label_id': 'laptop', 'sub_labels': 'not_human', 'sub_labels_conf': 0.9999985694885254, 'id': 6}, {'box': [229.86122131347656, 159.98233032226562, 63.827362060546875, 52.2127685546875], 'conf': 0.50426537, 'label_id': 'bottle', 'sub_labels': 'other', 'sub_labels_conf': 0.9998127818107605, 'id': 11}, {'box': [82.8647689819336, 329.98602294921875, 81.09939575195312, 103.90890502929688], 'conf': 0.5512183, 'label_id': 'bottle', 'sub_labels': 'other', 'sub_labels_conf': 0.9592992067337036, 'id': 12}]"
236,2024/5/22 Wednesday 0:1:4,"[{'box': [472.4109802246094, 194.47903442382812, 46.85833740234375, 90.29463195800781], 'conf': 0.9086567, 'label_id': 'cell phone', 'sub_labels': 'other', 'sub_labels_conf': 0.9492068290710449, 'id': 1}, {'box': [539.5792236328125, 328.1854248046875, 33.69769287109375, 53.5308837890625], 'conf': 0.76520383, 'label_id': 'mouse', 'sub_labels': 'other', 'sub_labels_conf': 0.5467281937599182, 'id': 2}, {'box': [409.37139892578125, 304.5851135253906, 203.41976928710938, 77.18292236328125], 'conf': 0.7272197, 'label_id': 'keyboard', 'sub_labels': 'not_human', 'sub_labels_conf': 0.9978439807891846, 'id': 3}, {'box': [1030.7984619140625, 244.48475646972656, 64.485107421875, 46.707733154296875], 'conf': 0.38340247, 'label_id': 'cup', 'sub_labels': 'other', 'sub_labels_conf': 0.9996098875999451, 'id': 4}, {'box': [546.1022338867188, 62.58290481567383, 208.0068359375, 124.19559478759766], 'conf': 0.63592964, 'label_id': 'tv', 'sub_labels': 'other', 'sub_labels_conf': 0.7645431756973267, 'id': 5}, {'box': [429.984619140625, 314.1275634765625, 332.312255859375, 166.91249084472656], 'conf': 0.6696117, 'label_id': 'laptop', 'sub_labels': 'not_human', 'sub_labels_conf': 0.9999979734420776, 'id': 6}, {'box': [229.917236328125, 159.93545532226562, 63.68122863769531, 52.19841003417969], 'conf': 0.5443996, 'label_id': 'bottle', 'sub_labels': 'other', 'sub_labels_conf': 0.9998127818107605, 'id': 11}, {'box': [82.83209991455078, 329.96282958984375, 81.17527770996094, 103.67245483398438], 'conf': 0.56682587, 'label_id': 'bottle', 'sub_labels': 'other', 'sub_labels_conf': 0.9597547650337219, 'id': 12}]"
237,2024/5/22 Wednesday 0:1:4,"[{'box': [472.4180603027344, 194.48753356933594, 46.883544921875, 90.3160400390625], 'conf': 0.9085621, 'label_id': 'cell phone', 'sub_labels': 'other', 'sub_labels_conf': 0.9492068290710449, 'id': 1}, {'box': [539.5922241210938, 328.2062072753906, 33.7216796875, 53.57012939453125], 'conf': 0.78877115, 'label_id': 'mouse', 'sub_labels': 'other', 'sub_labels_conf': 0.5467281937599182, 'id': 2}, {'box': [409.48541259765625, 304.5218505859375, 203.18414306640625, 77.15740966796875], 'conf': 0.70884395, 'label_id': 'keyboard', 'sub_labels': 'not_human', 'sub_labels_conf': 0.9978439807891846, 'id': 3}, {'box': [1030.798828125, 244.46104431152344, 64.48828125, 46.692352294921875], 'conf': 0.3863039, 'label_id': 'cup', 'sub_labels': 'other', 'sub_labels_conf': 0.9996098875999451, 'id': 4}, {'box': [546.2176513671875, 62.76682662963867, 208.32757568359375, 124.56304168701172], 'conf': 0.6200281, 'label_id': 'tv', 'sub_labels': 'other', 'sub_labels_conf': 0.7645431756973267, 'id': 5}, {'box': [430.0260009765625, 314.03662109375, 332.6648864746094, 166.8189239501953], 'conf': 0.7398071, 'label_id': 'laptop', 'sub_labels': 'not_human', 'sub_labels_conf': 0.9999980926513672, 'id': 6}, {'box': [229.9683837890625, 159.99288940429688, 63.55445861816406, 52.1317138671875], 'conf': 0.5537367, 'label_id': 'bottle', 'sub_labels': 'other', 'sub_labels_conf': 0.9998127818107605, 'id': 11}, {'box': [82.86991882324219, 329.9920959472656, 81.11649322509766, 103.4903564453125], 'conf': 0.5956536, 'label_id': 'bottle', 'sub_labels': 'other', 'sub_labels_conf': 0.960276186466217, 'id': 12}]"
238,2024/5/22 Wednesday 0:1:4,"[{'box': [472.4173583984375, 194.4563446044922, 46.8731689453125, 90.33157348632812], 'conf': 0.90880674, 'label_id': 'cell phone', 'sub_labels': 'other', 'sub_labels_conf': 0.9492068290710449, 'id': 1}, {'box': [539.5836181640625, 328.20159912109375, 33.72869873046875, 53.603668212890625], 'conf': 0.78889376, 'label_id': 'mouse', 'sub_labels': 'other', 'sub_labels_conf': 0.5467281937599182, 'id': 2}, {'box': [409.53472900390625, 304.50537109375, 203.054931640625, 77.20126342773438], 'conf': 0.7137844, 'label_id': 'keyboard', 'sub_labels': 'not_human', 'sub_labels_conf': 0.9978439807891846, 'id': 3}, {'box': [1030.7978515625, 244.4859619140625, 64.4815673828125, 46.68418884277344], 'conf': 0.40540916, 'label_id': 'cup', 'sub_labels': 'other', 'sub_labels_conf': 0.9996098875999451, 'id': 4}, {'box': [546.30126953125, 62.83920669555664, 208.48806762695312, 124.77214813232422], 'conf': 0.6249388, 'label_id': 'tv', 'sub_labels': 'other', 'sub_labels_conf': 0.7645431756973267, 'id': 5}, {'box': [430.0384521484375, 313.78314208984375, 332.9237365722656, 167.18862915039062], 'conf': 0.7607283, 'label_id': 'laptop', 'sub_labels': 'not_human', 'sub_labels_conf': 0.9999983310699463, 'id': 6}, {'box': [229.978759765625, 159.92877197265625, 63.49766540527344, 52.163055419921875], 'conf': 0.5623001, 'label_id': 'bottle', 'sub_labels': 'other', 'sub_labels_conf': 0.9998127818107605, 'id': 11}, {'box': [82.8768310546875, 329.9025573730469, 81.05726623535156, 103.39404296875], 'conf': 0.6201991, 'label_id': 'bottle', 'sub_labels': 'other', 'sub_labels_conf': 0.9579760432243347, 'id': 12}]"
239,2024/5/22 Wednesday 0:1:4,"[{'box': [472.4337158203125, 194.438232421875, 46.871124267578125, 90.32260131835938], 'conf': 0.90887487, 'label_id': 'cell phone', 'sub_labels': 'other', 'sub_labels_conf': 0.9492068290710449, 'id': 1}, {'box': [539.6021118164062, 328.17987060546875, 33.7255859375, 53.596954345703125], 'conf': 0.8026149, 'label_id': 'mouse', 'sub_labels': 'other', 'sub_labels_conf': 0.5467281937599182, 'id': 2}, {'box': [409.4547424316406, 304.48834228515625, 203.23583984375, 77.17910766601562], 'conf': 0.7310103, 'label_id': 'keyboard', 'sub_labels': 'not_human', 'sub_labels_conf': 0.9978439807891846, 'id': 3}, {'box': [1030.80908203125, 244.49359130859375, 64.4827880859375, 46.67915344238281], 'conf': 0.39885718, 'label_id': 'cup', 'sub_labels': 'other', 'sub_labels_conf': 0.9996098875999451, 'id': 4}, {'box': [546.3275146484375, 62.809566497802734, 208.53778076171875, 124.75724029541016], 'conf': 0.619777, 'label_id': 'tv', 'sub_labels': 'other', 'sub_labels_conf': 0.7645431756973267, 'id': 5}, {'box': [430.0303955078125, 313.8807373046875, 332.3730773925781, 167.17495727539062], 'conf': 0.74994445, 'label_id': 'laptop', 'sub_labels': 'not_human', 'sub_labels_conf': 0.9999983310699463, 'id': 6}, {'box': [230.020263671875, 159.93121337890625, 63.41831970214844, 52.11204528808594], 'conf': 0.52913296, 'label_id': 'bottle', 'sub_labels': 'other', 'sub_labels_conf': 0.9998294115066528, 'id': 11}, {'box': [82.91954040527344, 329.906494140625, 80.95929718017578, 103.19949340820312], 'conf': 0.60499656, 'label_id': 'bottle', 'sub_labels': 'other', 'sub_labels_conf': 0.9599595069885254, 'id': 12}]"
240,2024/5/22 Wednesday 0:1:4,"[{'box': [472.44158935546875, 194.42408752441406, 46.886016845703125, 90.36972045898438], 'conf': 0.9092939, 'label_id': 'cell phone', 'sub_labels': 'other', 'sub_labels_conf': 0.9492068290710449, 'id': 1}, {'box': [539.6087036132812, 328.186767578125, 33.7335205078125, 53.618194580078125], 'conf': 0.7855391, 'label_id': 'mouse', 'sub_labels': 'other', 'sub_labels_conf': 0.5467281937599182, 'id': 2}, {'box': [409.46484375, 304.5384521484375, 203.24856567382812, 77.18255615234375], 'conf': 0.7272669, 'label_id': 'keyboard', 'sub_labels': 'not_human', 'sub_labels_conf': 0.9978439807891846, 'id': 3}, {'box': [1030.79833984375, 244.47720336914062, 64.4815673828125, 46.669921875], 'conf': 0.39199886, 'label_id': 'cup', 'sub_labels': 'other', 'sub_labels_conf': 0.9996098875999451, 'id': 4}, {'box': [546.3131103515625, 62.836830139160156, 208.53347778320312, 124.79905700683594], 'conf': 0.61689925, 'label_id': 'tv', 'sub_labels': 'other', 'sub_labels_conf': 0.7645431756973267, 'id': 5}, {'box': [430.0744934082031, 313.90704345703125, 332.11090087890625, 167.52780151367188], 'conf': 0.75634354, 'label_id': 'laptop', 'sub_labels': 'not_human', 'sub_labels_conf': 0.9999983310699463, 'id': 6}, {'box': [230.05435180664062, 159.9419403076172, 63.37159729003906, 52.111083984375], 'conf': 0.52198166, 'label_id': 'bottle', 'sub_labels': 'other', 'sub_labels_conf': 0.9998294115066528, 'id': 11}, {'box': [82.94691467285156, 329.88250732421875, 80.94374084472656, 103.17422485351562], 'conf': 0.6246228, 'label_id': 'bottle', 'sub_labels': 'other', 'sub_labels_conf': 0.9600924253463745, 'id': 12}]"
241,2024/5/22 Wednesday 0:1:4,"[{'box': [472.4480895996094, 194.41029357910156, 46.8717041015625, 90.37033081054688], 'conf': 0.908444, 'label_id': 'cell phone', 'sub_labels': 'other', 'sub_labels_conf': 0.9492068290710449, 'id': 1}, {'box': [539.6163330078125, 328.1614990234375, 33.73297119140625, 53.627716064453125], 'conf': 0.7767085, 'label_id': 'mouse', 'sub_labels': 'other', 'sub_labels_conf': 0.5467281937599182, 'id': 2}, {'box': [409.45794677734375, 304.5472412109375, 203.26724243164062, 77.1685791015625], 'conf': 0.73293793, 'label_id': 'keyboard', 'sub_labels': 'not_human', 'sub_labels_conf': 0.9978439807891846, 'id': 3}, {'box': [1030.7921142578125, 244.51126098632812, 64.46917724609375, 46.65333557128906], 'conf': 0.43192548, 'label_id': 'cup', 'sub_labels': 'other', 'sub_labels_conf': 0.9996098875999451, 'id': 4}, {'box': [546.2926025390625, 62.81655502319336, 208.42822265625, 124.76612091064453], 'conf': 0.6156628, 'label_id': 'tv', 'sub_labels': 'other', 'sub_labels_conf': 0.7645431756973267, 'id': 5}, {'box': [430.039306640625, 313.84716796875, 331.9327697753906, 167.6787872314453], 'conf': 0.73177934, 'label_id': 'laptop', 'sub_labels': 'not_human', 'sub_labels_conf': 0.9999985694885254, 'id': 6}, {'box': [230.05001831054688, 159.931884765625, 63.37493896484375, 52.13957214355469], 'conf': 0.5512347, 'label_id': 'bottle', 'sub_labels': 'other', 'sub_labels_conf': 0.9998294115066528, 'id': 11}, {'box': [82.9693603515625, 329.86529541015625, 80.95718383789062, 103.1871337890625], 'conf': 0.62762785, 'label_id': 'bottle', 'sub_labels': 'other', 'sub_labels_conf': 0.959273636341095, 'id': 12}]"
242,2024/5/22 Wednesday 0:1:4,"[{'box': [472.4576416015625, 194.41244506835938, 46.863311767578125, 90.3516845703125], 'conf': 0.90909296, 'label_id': 'cell phone', 'sub_labels': 'other', 'sub_labels_conf': 0.9492068290710449, 'id': 1}, {'box': [539.6258544921875, 328.14898681640625, 33.74859619140625, 53.626556396484375], 'conf': 0.7946613, 'label_id': 'mouse', 'sub_labels': 'other', 'sub_labels_conf': 0.5467281937599182, 'id': 2}, {'box': [409.3996887207031, 304.51422119140625, 203.38885498046875, 77.12307739257812], 'conf': 0.7405661, 'label_id': 'keyboard', 'sub_labels': 'not_human', 'sub_labels_conf': 0.9978439807891846, 'id': 3}, {'box': [1030.8125, 244.51882934570312, 64.45928955078125, 46.66082763671875], 'conf': 0.43078074, 'label_id': 'cup', 'sub_labels': 'other', 'sub_labels_conf': 0.9996098875999451, 'id': 4}, {'box': [546.255615234375, 62.77665710449219, 208.2991943359375, 124.69429016113281], 'conf': 0.6252378, 'label_id': 'tv', 'sub_labels': 'other', 'sub_labels_conf': 0.7645431756973267, 'id': 5}, {'box': [429.9788818359375, 313.89739990234375, 331.7879943847656, 167.6337890625], 'conf': 0.72662014, 'label_id': 'laptop', 'sub_labels': 'not_human', 'sub_labels_conf': 0.999998927116394, 'id': 6}, {'box': [230.07968139648438, 159.884521484375, 63.30726623535156, 52.17561340332031], 'conf': 0.48504007, 'label_id': 'bottle', 'sub_labels': 'other', 'sub_labels_conf': 0.9998295307159424, 'id': 11}, {'box': [83.03921508789062, 329.9006042480469, 80.84532165527344, 103.3209228515625], 'conf': 0.63184947, 'label_id': 'bottle', 'sub_labels': 'other', 'sub_labels_conf': 0.953385591506958, 'id': 12}]"
243,2024/5/22 Wednesday 0:1:4,"[{'box': [472.4656982421875, 194.42813110351562, 46.858306884765625, 90.29243469238281], 'conf': 0.90937954, 'label_id': 'cell phone', 'sub_labels': 'other', 'sub_labels_conf': 0.9492068290710449, 'id': 1}, {'box': [539.6303100585938, 328.1335754394531, 33.7548828125, 53.6318359375], 'conf': 0.79611385, 'label_id': 'mouse', 'sub_labels': 'other', 'sub_labels_conf': 0.5467281937599182, 'id': 2}, {'box': [409.3429260253906, 304.54278564453125, 203.52301025390625, 77.06561279296875], 'conf': 0.7525219, 'label_id': 'keyboard', 'sub_labels': 'not_human', 'sub_labels_conf': 0.9978439807891846, 'id': 3}, {'box': [1030.8206787109375, 244.572265625, 64.43634033203125, 46.6268310546875], 'conf': 0.4619647, 'label_id': 'cup', 'sub_labels': 'other', 'sub_labels_conf': 0.9996098875999451, 'id': 4}, {'box': [546.1152954101562, 62.58234405517578, 207.96615600585938, 124.24964904785156], 'conf': 0.63742775, 'label_id': 'tv', 'sub_labels': 'other', 'sub_labels_conf': 0.7399400472640991, 'id': 5}, {'box': [429.88824462890625, 313.81927490234375, 331.6551513671875, 167.64749145507812], 'conf': 0.6946455, 'label_id': 'laptop', 'sub_labels': 'not_human', 'sub_labels_conf': 0.999998927116394, 'id': 6}, {'box': [230.10076904296875, 159.86865234375, 63.29945373535156, 52.20039367675781], 'conf': 0.49914086, 'label_id': 'bottle', 'sub_labels': 'other', 'sub_labels_conf': 0.9998295307159424, 'id': 11}, {'box': [83.04998779296875, 329.86639404296875, 80.87316131591797, 103.39614868164062], 'conf': 0.65013397, 'label_id': 'bottle', 'sub_labels': 'other', 'sub_labels_conf': 0.9535744786262512, 'id': 12}]"
244,2024/5/22 Wednesday 0:1:4,"[{'box': [472.4575500488281, 194.40187072753906, 46.89263916015625, 90.333251953125], 'conf': 0.91064316, 'label_id': 'cell phone', 'sub_labels': 'other', 'sub_labels_conf': 0.9492068290710449, 'id': 1}, {'box': [539.6090087890625, 328.10772705078125, 33.743408203125, 53.593292236328125], 'conf': 0.78887486, 'label_id': 'mouse', 'sub_labels': 'other', 'sub_labels_conf': 0.5467281937599182, 'id': 2}, {'box': [409.29522705078125, 304.5343322753906, 203.6611328125, 77.06817626953125], 'conf': 0.74747413, 'label_id': 'keyboard', 'sub_labels': 'not_human', 'sub_labels_conf': 0.9978439807891846, 'id': 3}, {'box': [1030.793701171875, 244.54104614257812, 64.44635009765625, 46.63427734375], 'conf': 0.40720248, 'label_id': 'cup', 'sub_labels': 'other', 'sub_labels_conf': 0.9996098875999451, 'id': 4}, {'box': [546.123779296875, 62.56904983520508, 208.06228637695312, 124.2684097290039], 'conf': 0.62114143, 'label_id': 'tv', 'sub_labels': 'other', 'sub_labels_conf': 0.7645431756973267, 'id': 5}, {'box': [429.87457275390625, 313.7936706542969, 331.6011657714844, 167.660888671875], 'conf': 0.7210803, 'label_id': 'laptop', 'sub_labels': 'not_human', 'sub_labels_conf': 0.999998927116394, 'id': 6}, {'box': [230.04296875, 159.87313842773438, 63.38053894042969, 52.21815490722656], 'conf': 0.48225313, 'label_id': 'bottle', 'sub_labels': 'other', 'sub_labels_conf': 0.9998295307159424, 'id': 11}, {'box': [83.01698303222656, 329.8277587890625, 80.91192626953125, 103.46292114257812], 'conf': 0.6430533, 'label_id': 'bottle', 'sub_labels': 'other', 'sub_labels_conf': 0.9549538493156433, 'id': 12}]"
245,2024/5/22 Wednesday 0:1:4,"[{'box': [472.4560852050781, 194.40615844726562, 46.90216064453125, 90.34495544433594], 'conf': 0.90972006, 'label_id': 'cell phone', 'sub_labels': 'other', 'sub_labels_conf': 0.9492068290710449, 'id': 1}, {'box': [539.611572265625, 328.1062927246094, 33.74200439453125, 53.58441162109375], 'conf': 0.798009, 'label_id': 'mouse', 'sub_labels': 'other', 'sub_labels_conf': 0.5467281937599182, 'id': 2}, {'box': [409.2585754394531, 304.5523986816406, 203.71392822265625, 77.02716064453125], 'conf': 0.743836, 'label_id': 'keyboard', 'sub_labels': 'not_human', 'sub_labels_conf': 0.9978439807891846, 'id': 3}, {'box': [1030.79736328125, 244.52999877929688, 64.4447021484375, 46.63664245605469], 'conf': 0.41613626, 'label_id': 'cup', 'sub_labels': 'other', 'sub_labels_conf': 0.9996098875999451, 'id': 4}, {'box': [546.1840209960938, 62.56875228881836, 208.26364135742188, 124.30646514892578], 'conf': 0.6243777, 'label_id': 'tv', 'sub_labels': 'other', 'sub_labels_conf': 0.7645431756973267, 'id': 5}, {'box': [429.8128356933594, 313.7145690917969, 331.57623291015625, 167.74932861328125], 'conf': 0.71549433, 'label_id': 'laptop', 'sub_labels': 'not_human', 'sub_labels_conf': 0.999998927116394, 'id': 6}, {'box': [230.01583862304688, 159.86581420898438, 63.43745422363281, 52.250762939453125], 'conf': 0.5104867, 'label_id': 'bottle', 'sub_labels': 'other', 'sub_labels_conf': 0.9998295307159424, 'id': 11}, {'box': [83.00834655761719, 329.7693786621094, 80.95149993896484, 103.45196533203125], 'conf': 0.6746894, 'label_id': 'bottle', 'sub_labels': 'other', 'sub_labels_conf': 0.9546849131584167, 'id': 12}]"
246,2024/5/22 Wednesday 0:1:4,"[{'box': [472.4609375, 194.41525268554688, 46.888427734375, 90.32498168945312], 'conf': 0.90925336, 'label_id': 'cell phone', 'sub_labels': 'other', 'sub_labels_conf': 0.9492068290710449, 'id': 1}, {'box': [539.6234130859375, 328.1201171875, 33.757568359375, 53.594329833984375], 'conf': 0.8279218, 'label_id': 'mouse', 'sub_labels': 'other', 'sub_labels_conf': 0.5467281937599182, 'id': 2}, {'box': [409.25439453125, 304.5466003417969, 203.68838500976562, 76.98504638671875], 'conf': 0.74832493, 'label_id': 'keyboard', 'sub_labels': 'not_human', 'sub_labels_conf': 0.9978439807891846, 'id': 3}, {'box': [1030.8212890625, 244.55262756347656, 64.43951416015625, 46.614105224609375], 'conf': 0.43426627, 'label_id': 'cup', 'sub_labels': 'other', 'sub_labels_conf': 0.9996098875999451, 'id': 4}, {'box': [546.2803955078125, 62.71066665649414, 208.4703369140625, 124.61052703857422], 'conf': 0.6243341, 'label_id': 'tv', 'sub_labels': 'other', 'sub_labels_conf': 0.7645431756973267, 'id': 5}, {'box': [429.7921447753906, 313.6755065917969, 331.28448486328125, 167.9897003173828], 'conf': 0.712815, 'label_id': 'laptop', 'sub_labels': 'not_human', 'sub_labels_conf': 0.999998927116394, 'id': 6}, {'box': [230.01425170898438, 159.861083984375, 63.47016906738281, 52.25736999511719], 'conf': 0.5077694, 'label_id': 'bottle', 'sub_labels': 'other', 'sub_labels_conf': 0.9998295307159424, 'id': 11}, {'box': [83.02078247070312, 329.8213806152344, 80.91219329833984, 103.341552734375], 'conf': 0.65019846, 'label_id': 'bottle', 'sub_labels': 'other', 'sub_labels_conf': 0.9561970829963684, 'id': 12}]"
247,2024/5/22 Wednesday 0:1:4,"[{'box': [472.46337890625, 194.42379760742188, 46.878173828125, 90.31082153320312], 'conf': 0.9085237, 'label_id': 'cell phone', 'sub_labels': 'other', 'sub_labels_conf': 0.9492068290710449, 'id': 1}, {'box': [539.6322631835938, 328.119873046875, 33.7459716796875, 53.58758544921875], 'conf': 0.82164896, 'label_id': 'mouse', 'sub_labels': 'other', 'sub_labels_conf': 0.5467281937599182, 'id': 2}, {'box': [409.33544921875, 304.54901123046875, 203.45278930664062, 76.91265869140625], 'conf': 0.73558265, 'label_id': 'keyboard', 'sub_labels': 'not_human', 'sub_labels_conf': 0.9978439807891846, 'id': 3}, {'box': [1030.8255615234375, 244.57919311523438, 64.42327880859375, 46.61106872558594], 'conf': 0.46795824, 'label_id': 'cup', 'sub_labels': 'other', 'sub_labels_conf': 0.9996098875999451, 'id': 4}, {'box': [546.3761596679688, 62.72617721557617, 208.54324340820312, 124.62740325927734], 'conf': 0.6318989, 'label_id': 'tv', 'sub_labels': 'other', 'sub_labels_conf': 0.7645431756973267, 'id': 5}, {'box': [429.68896484375, 313.54815673828125, 331.6318664550781, 168.2219696044922], 'conf': 0.6492014, 'label_id': 'laptop', 'sub_labels': 'not_human', 'sub_labels_conf': 0.9999980926513672, 'id': 6}, {'box': [230.01893615722656, 159.814697265625, 63.464996337890625, 52.34538269042969], 'conf': 0.49420848, 'label_id': 'bottle', 'sub_labels': 'other', 'sub_labels_conf': 0.9997870326042175, 'id': 11}, {'box': [83.0158462524414, 329.9749755859375, 80.95423889160156, 103.15957641601562], 'conf': 0.682052, 'label_id': 'bottle', 'sub_labels': 'other', 'sub_labels_conf': 0.9624277949333191, 'id': 12}]"
248,2024/5/22 Wednesday 0:1:4,"[{'box': [472.45428466796875, 194.41683959960938, 46.870208740234375, 90.31590270996094], 'conf': 0.90819967, 'label_id': 'cell phone', 'sub_labels': 'other', 'sub_labels_conf': 0.9492068290710449, 'id': 1}, {'box': [539.62353515625, 328.12078857421875, 33.73345947265625, 53.59857177734375], 'conf': 0.80550647, 'label_id': 'mouse', 'sub_labels': 'other', 'sub_labels_conf': 0.5467281937599182, 'id': 2}, {'box': [409.41009521484375, 304.54541015625, 203.24642944335938, 76.90853881835938], 'conf': 0.720814, 'label_id': 'keyboard', 'sub_labels': 'not_human', 'sub_labels_conf': 0.9978439807891846, 'id': 3}, {'box': [1030.82080078125, 244.574462890625, 64.41888427734375, 46.61714172363281], 'conf': 0.4595662, 'label_id': 'cup', 'sub_labels': 'other', 'sub_labels_conf': 0.9996098875999451, 'id': 4}, {'box': [546.3823852539062, 62.712223052978516, 208.47476196289062, 124.60236358642578], 'conf': 0.6212259, 'label_id': 'tv', 'sub_labels': 'other', 'sub_labels_conf': 0.7645431756973267, 'id': 5}, {'box': [429.70318603515625, 313.40875244140625, 332.0760498046875, 168.42198181152344], 'conf': 0.65438336, 'label_id': 'laptop', 'sub_labels': 'not_human', 'sub_labels_conf': 0.9999982118606567, 'id': 6}, {'box': [230.04534912109375, 159.79437255859375, 63.41754150390625, 52.40721130371094], 'conf': 0.47266367, 'label_id': 'bottle', 'sub_labels': 'other', 'sub_labels_conf': 0.9997870326042175, 'id': 11}, {'box': [83.07350158691406, 329.9852294921875, 80.72872924804688, 103.08865356445312], 'conf': 0.6896823, 'label_id': 'bottle', 'sub_labels': 'other', 'sub_labels_conf': 0.9624277949333191, 'id': 12}]"
249,2024/5/22 Wednesday 0:1:4,"[{'box': [472.452880859375, 194.41539001464844, 46.85076904296875, 90.3057861328125], 'conf': 0.9082254, 'label_id': 'cell phone', 'sub_labels': 'other', 'sub_labels_conf': 0.9492068290710449, 'id': 1}, {'box': [539.622314453125, 328.1182556152344, 33.7225341796875, 53.601318359375], 'conf': 0.79863065, 'label_id': 'mouse', 'sub_labels': 'other', 'sub_labels_conf': 0.5467281937599182, 'id': 2}, {'box': [409.4283447265625, 304.5494079589844, 203.21493530273438, 76.90277099609375], 'conf': 0.72496766, 'label_id': 'keyboard', 'sub_labels': 'not_human', 'sub_labels_conf': 0.9978439807891846, 'id': 3}, {'box': [1030.8140869140625, 244.57923889160156, 64.41973876953125, 46.620635986328125], 'conf': 0.45851305, 'label_id': 'cup', 'sub_labels': 'other', 'sub_labels_conf': 0.9996098875999451, 'id': 4}, {'box': [546.3818969726562, 62.71140670776367, 208.46707153320312, 124.5879135131836], 'conf': 0.6271727, 'label_id': 'tv', 'sub_labels': 'other', 'sub_labels_conf': 0.7645431756973267, 'id': 5}, {'box': [429.7300109863281, 313.29669189453125, 332.12567138671875, 168.39517211914062], 'conf': 0.68928033, 'label_id': 'laptop', 'sub_labels': 'not_human', 'sub_labels_conf': 0.9999982118606567, 'id': 6}, {'box': [230.05715942382812, 159.7818145751953, 63.38783264160156, 52.35821533203125], 'conf': 0.4846804, 'label_id': 'bottle', 'sub_labels': 'other', 'sub_labels_conf': 0.999760091304779, 'id': 11}, {'box': [83.12747192382812, 329.988037109375, 80.6492691040039, 103.07913208007812], 'conf': 0.6377391, 'label_id': 'bottle', 'sub_labels': 'other', 'sub_labels_conf': 0.9668526649475098, 'id': 12}]"
250,2024/5/22 Wednesday 0:1:5,"[{'box': [472.343017578125, 194.15399169921875, 46.3529052734375, 90.32798767089844], 'conf': 0.9213082, 'label_id': 'cell phone', 'sub_labels': 'other', 'sub_labels_conf': 0.8967008590698242, 'id': 1}, {'box': [539.7730712890625, 328.363037109375, 34.2454833984375, 51.49932861328125], 'conf': 0.84243125, 'label_id': 'mouse', 'sub_labels': 'other', 'sub_labels_conf': 0.8795738816261292, 'id': 2}, {'box': [409.20025634765625, 303.74114990234375, 206.50552368164062, 76.78933715820312], 'conf': 0.71388155, 'label_id': 'keyboard', 'sub_labels': 'not_human', 'sub_labels_conf': 0.9992827773094177, 'id': 3}, {'box': [1030.7254638671875, 245.00506591796875, 65.40325927734375, 46.21220397949219], 'conf': 0.444901, 'label_id': 'bottle', 'sub_labels': 'other', 'sub_labels_conf': 0.999924898147583, 'id': 4}, {'box': [545.3533935546875, 61.87112045288086, 205.42620849609375, 122.03621673583984], 'conf': 0.4707452, 'label_id': 'tv', 'sub_labels': 'other', 'sub_labels_conf': 0.5219975113868713, 'id': 5}, {'box': [429.24676513671875, 313.560302734375, 333.6392822265625, 167.23289489746094], 'conf': 0.4179996, 'label_id': 'laptop', 'sub_labels': 'not_human', 'sub_labels_conf': 0.9999994039535522, 'id': 6}, {'box': [230.1078338623047, 159.66287231445312, 64.07986450195312, 51.95201110839844], 'conf': 0.47574317, 'label_id': 'bottle', 'sub_labels': 'other', 'sub_labels_conf': 0.9997515082359314, 'id': 11}, {'box': [82.79438781738281, 328.84991455078125, 80.46158599853516, 103.00607299804688], 'conf': 0.46990463, 'label_id': 'bottle', 'sub_labels': 'other', 'sub_labels_conf': 0.906544029712677, 'id': 12}]"
251,2024/5/22 Wednesday 0:1:5,"[{'box': [472.31683349609375, 194.07142639160156, 46.174774169921875, 90.33578491210938], 'conf': 0.92132914, 'label_id': 'cell phone', 'sub_labels': 'other', 'sub_labels_conf': 0.8967008590698242, 'id': 1}, {'box': [539.8499755859375, 328.4746398925781, 34.4278564453125, 50.6669921875], 'conf': 0.84949934, 'label_id': 'mouse', 'sub_labels': 'other', 'sub_labels_conf': 0.8795738816261292, 'id': 2}, {'box': [409.1240234375, 303.495361328125, 207.75302124023438, 76.67776489257812], 'conf': 0.7239537, 'label_id': 'keyboard', 'sub_labels': 'not_human', 'sub_labels_conf': 0.9992827773094177, 'id': 3}, {'box': [1030.714111328125, 245.16824340820312, 65.78753662109375, 46.07096862792969], 'conf': 0.45011365, 'label_id': 'bottle', 'sub_labels': 'other', 'sub_labels_conf': 0.999924898147583, 'id': 4}, {'box': [545.0389404296875, 61.54267120361328, 204.3673095703125, 121.04512023925781], 'conf': 0.46405002, 'label_id': 'tv', 'sub_labels': 'other', 'sub_labels_conf': 0.6530240774154663, 'id': 5}, {'box': [429.065185546875, 313.74609375, 334.3699035644531, 166.56484985351562], 'conf': 0.3974601, 'label_id': 'laptop', 'sub_labels': 'not_human', 'sub_labels_conf': 0.9999994039535522, 'id': 6}, {'box': [230.1431884765625, 159.64224243164062, 64.31373596191406, 51.791656494140625], 'conf': 0.45410523, 'label_id': 'bottle', 'sub_labels': 'other', 'sub_labels_conf': 0.9997515082359314, 'id': 11}, {'box': [82.7139892578125, 328.5312194824219, 80.2895278930664, 102.77197265625], 'conf': 0.40079027, 'label_id': 'bottle', 'sub_labels': 'other', 'sub_labels_conf': 0.906544029712677, 'id': 12}]"
252,2024/5/22 Wednesday 0:1:5,"[{'box': [472.3144226074219, 194.02978515625, 46.098876953125, 90.32597351074219], 'conf': 0.92041045, 'label_id': 'cell phone', 'sub_labels': 'other', 'sub_labels_conf': 0.8967008590698242, 'id': 1}, {'box': [539.88330078125, 328.5194396972656, 34.49066162109375, 50.37841796875], 'conf': 0.85251904, 'label_id': 'mouse', 'sub_labels': 'other', 'sub_labels_conf': 0.8795738816261292, 'id': 2}, {'box': [409.1109924316406, 303.419921875, 208.18878173828125, 76.6343994140625], 'conf': 0.6986791, 'label_id': 'keyboard', 'sub_labels': 'not_human', 'sub_labels_conf': 0.9992738366127014, 'id': 3}, {'box': [1030.6893310546875, 245.22918701171875, 65.92474365234375, 46.02702331542969], 'conf': 0.44307554, 'label_id': 'bottle', 'sub_labels': 'other', 'sub_labels_conf': 0.999924898147583, 'id': 4}, {'box': [544.9302978515625, 61.52958679199219, 204.01910400390625, 120.89202880859375], 'conf': 0.4521392, 'label_id': 'tv', 'sub_labels': 'other', 'sub_labels_conf': 0.5880215167999268, 'id': 5}, {'box': [429.02783203125, 313.71453857421875, 334.6410827636719, 166.11639404296875], 'conf': 0.46054354, 'label_id': 'laptop', 'sub_labels': 'not_human', 'sub_labels_conf': 0.9999994039535522, 'id': 6}, {'box': [230.18429565429688, 159.6380157470703, 64.38633728027344, 51.7333984375], 'conf': 0.47003183, 'label_id': 'bottle', 'sub_labels': 'other', 'sub_labels_conf': 0.9997515082359314, 'id': 11}, {'box': [83.05018615722656, 328.46734619140625, 79.55975341796875, 102.460205078125], 'conf': 0.3838589, 'label_id': 'bottle', 'sub_labels': 'other', 'sub_labels_conf': 0.943373441696167, 'id': 12}]"
253,2024/5/22 Wednesday 0:1:5,"[{'box': [472.31610107421875, 193.98788452148438, 46.066192626953125, 90.32452392578125], 'conf': 0.9214589, 'label_id': 'cell phone', 'sub_labels': 'other', 'sub_labels_conf': 0.7230111360549927, 'id': 1}, {'box': [539.87841796875, 328.5096435546875, 34.51361083984375, 50.289215087890625], 'conf': 0.85739714, 'label_id': 'mouse', 'sub_labels': 'other', 'sub_labels_conf': 0.8795738816261292, 'id': 2}, {'box': [409.103515625, 303.35198974609375, 208.30398559570312, 76.60015869140625], 'conf': 0.70651495, 'label_id': 'keyboard', 'sub_labels': 'not_human', 'sub_labels_conf': 0.9992738366127014, 'id': 3}, {'box': [1030.6513671875, 245.25225830078125, 65.9871826171875, 46.02305603027344], 'conf': 0.46429977, 'label_id': 'bottle', 'sub_labels': 'other', 'sub_labels_conf': 0.999924898147583, 'id': 4}, {'box': [544.9390869140625, 61.4957160949707, 203.94161987304688, 120.8329849243164], 'conf': 0.45771256, 'label_id': 'tv', 'sub_labels': 'other', 'sub_labels_conf': 0.6286128163337708, 'id': 5}, {'box': [428.99127197265625, 313.6973876953125, 334.6400146484375, 166.05484008789062], 'conf': 0.49008518, 'label_id': 'laptop', 'sub_labels': 'not_human', 'sub_labels_conf': 0.9999994039535522, 'id': 6}, {'box': [230.2186279296875, 159.6107177734375, 64.41816711425781, 51.7525634765625], 'conf': 0.45626262, 'label_id': 'bottle', 'sub_labels': 'other', 'sub_labels_conf': 0.9997515082359314, 'id': 11}, {'box': [83.2258071899414, 328.6385498046875, 79.17208862304688, 101.91372680664062], 'conf': 0.44943234, 'label_id': 'bottle', 'sub_labels': 'other', 'sub_labels_conf': 0.9476723670959473, 'id': 12}]"
254,2024/5/22 Wednesday 0:1:5,"[{'box': [472.30517578125, 193.97897338867188, 46.049346923828125, 90.33522033691406], 'conf': 0.9220497, 'label_id': 'cell phone', 'sub_labels': 'other', 'sub_labels_conf': 0.7230111360549927, 'id': 1}, {'box': [539.8651123046875, 328.4931640625, 34.49688720703125, 50.225189208984375], 'conf': 0.8543651, 'label_id': 'mouse', 'sub_labels': 'other', 'sub_labels_conf': 0.8795738816261292, 'id': 2}, {'box': [409.0912780761719, 303.3373718261719, 208.27703857421875, 76.58709716796875], 'conf': 0.7213969, 'label_id': 'keyboard', 'sub_labels': 'not_human', 'sub_labels_conf': 0.9992738366127014, 'id': 3}, {'box': [1030.627685546875, 245.26101684570312, 66.0010986328125, 46.01812744140625], 'conf': 0.44315094, 'label_id': 'bottle', 'sub_labels': 'other', 'sub_labels_conf': 0.9999089241027832, 'id': 4}, {'box': [544.8783569335938, 61.525142669677734, 203.87216186523438, 120.88774871826172], 'conf': 0.47473815, 'label_id': 'tv', 'sub_labels': 'other', 'sub_labels_conf': 0.6334601640701294, 'id': 5}, {'box': [429.06756591796875, 313.6250915527344, 334.2484436035156, 166.34991455078125], 'conf': 0.46667188, 'label_id': 'laptop', 'sub_labels': 'not_human', 'sub_labels_conf': 0.9999994039535522, 'id': 6}, {'box': [230.19528198242188, 159.51455688476562, 64.37086486816406, 51.61567687988281], 'conf': 0.50050664, 'label_id': 'bottle', 'sub_labels': 'other', 'sub_labels_conf': 0.9997625946998596, 'id': 11}, {'box': [83.17684173583984, 328.85601806640625, 79.31111145019531, 101.439453125], 'conf': 0.5133758, 'label_id': 'bottle', 'sub_labels': 'other', 'sub_labels_conf': 0.9492820501327515, 'id': 12}]"
255,2024/5/22 Wednesday 0:1:5,"[{'box': [472.3163757324219, 193.9986572265625, 46.05126953125, 90.33450317382812], 'conf': 0.92224455, 'label_id': 'cell phone', 'sub_labels': 'other', 'sub_labels_conf': 0.7230111360549927, 'id': 1}, {'box': [539.8848266601562, 328.461669921875, 34.515380859375, 50.22320556640625], 'conf': 0.85970515, 'label_id': 'mouse', 'sub_labels': 'other', 'sub_labels_conf': 0.8795738816261292, 'id': 2}, {'box': [409.1144104003906, 303.37176513671875, 208.23565673828125, 76.54428100585938], 'conf': 0.7051676, 'label_id': 'keyboard', 'sub_labels': 'not_human', 'sub_labels_conf': 0.9992738366127014, 'id': 3}, {'box': [1030.668701171875, 245.24969482421875, 66.02923583984375, 46.01335144042969], 'conf': 0.44468877, 'label_id': 'bottle', 'sub_labels': 'other', 'sub_labels_conf': 0.9999089241027832, 'id': 4}, {'box': [544.9885864257812, 61.598716735839844, 204.032958984375, 121.06100463867188], 'conf': 0.4825324, 'label_id': 'tv', 'sub_labels': 'other', 'sub_labels_conf': 0.5975902676582336, 'id': 5}, {'box': [429.14984130859375, 313.5994567871094, 334.6811828613281, 166.9893798828125], 'conf': 0.45624322, 'label_id': 'laptop', 'sub_labels': 'not_human', 'sub_labels_conf': 0.9999994039535522, 'id': 6}, {'box': [230.1817626953125, 159.52230834960938, 64.33686828613281, 51.52821350097656], 'conf': 0.5096333, 'label_id': 'bottle', 'sub_labels': 'other', 'sub_labels_conf': 0.9997625946998596, 'id': 11}, {'box': [83.29042053222656, 329.26214599609375, 79.24002838134766, 100.81112670898438], 'conf': 0.43539873, 'label_id': 'bottle', 'sub_labels': 'other', 'sub_labels_conf': 0.9591890573501587, 'id': 12}]"
256,2024/5/22 Wednesday 0:1:5,"[{'box': [472.30084228515625, 194.00906372070312, 46.054840087890625, 90.33915710449219], 'conf': 0.9227803, 'label_id': 'cell phone', 'sub_labels': 'other', 'sub_labels_conf': 0.8967008590698242, 'id': 1}, {'box': [539.8713989257812, 328.47845458984375, 34.5035400390625, 50.202056884765625], 'conf': 0.85420525, 'label_id': 'mouse', 'sub_labels': 'other', 'sub_labels_conf': 0.8795738816261292, 'id': 2}, {'box': [409.7952575683594, 303.46142578125, 205.67010498046875, 76.5841064453125], 'conf': 0.6963773, 'label_id': 'keyboard', 'sub_labels': 'not_human', 'sub_labels_conf': 0.99928218126297, 'id': 3}, {'box': [1030.668701171875, 245.24461364746094, 66.01300048828125, 46.011749267578125], 'conf': 0.44075158, 'label_id': 'bottle', 'sub_labels': 'other', 'sub_labels_conf': 0.9999089241027832, 'id': 4}, {'box': [544.9915771484375, 61.62401580810547, 204.03890991210938, 121.13296508789062], 'conf': 0.4861214, 'label_id': 'tv', 'sub_labels': 'other', 'sub_labels_conf': 0.5975902676582336, 'id': 5}, {'box': [429.23504638671875, 313.5665283203125, 334.67529296875, 167.53627014160156], 'conf': 0.49385515, 'label_id': 'laptop', 'sub_labels': 'not_human', 'sub_labels_conf': 0.9999994039535522, 'id': 6}, {'box': [230.148193359375, 159.57916259765625, 64.34602355957031, 51.42564392089844], 'conf': 0.48855826, 'label_id': 'bottle', 'sub_labels': 'other', 'sub_labels_conf': 0.9997809529304504, 'id': 11}, {'box': [83.05728912353516, 328.768798828125, 79.64540100097656, 101.94644165039062], 'conf': 0.588789, 'label_id': 'bottle', 'sub_labels': 'other', 'sub_labels_conf': 0.9492820501327515, 'id': 12}]"
257,2024/5/22 Wednesday 0:1:5,"[{'box': [472.26678466796875, 193.93202209472656, 45.99658203125, 90.4913330078125], 'conf': 0.9198797, 'label_id': 'cell phone', 'sub_labels': 'other', 'sub_labels_conf': 0.8728556632995605, 'id': 1}, {'box': [539.8568115234375, 328.503173828125, 34.5009765625, 50.231109619140625], 'conf': 0.8530776, 'label_id': 'mouse', 'sub_labels': 'other', 'sub_labels_conf': 0.8795738816261292, 'id': 2}, {'box': [410.0315246582031, 303.47760009765625, 204.71551513671875, 76.65042114257812], 'conf': 0.70875293, 'label_id': 'keyboard', 'sub_labels': 'not_human', 'sub_labels_conf': 0.9993688464164734, 'id': 3}, {'box': [1030.6429443359375, 245.23123168945312, 66.0068359375, 46.01536560058594], 'conf': 0.42953464, 'label_id': 'bottle', 'sub_labels': 'other', 'sub_labels_conf': 0.9999089241027832, 'id': 4}, {'box': [544.9222412109375, 61.660701751708984, 203.86700439453125, 121.15314483642578], 'conf': 0.4820741, 'label_id': 'tv', 'sub_labels': 'other', 'sub_labels_conf': 0.6334601640701294, 'id': 5}, {'box': [429.2248229980469, 313.78076171875, 334.71075439453125, 167.32089233398438], 'conf': 0.5301422, 'label_id': 'laptop', 'sub_labels': 'not_human', 'sub_labels_conf': 0.9999994039535522, 'id': 6}, {'box': [230.16290283203125, 159.62425231933594, 64.41664123535156, 51.486785888671875], 'conf': 0.48286977, 'label_id': 'bottle', 'sub_labels': 'other', 'sub_labels_conf': 0.9997809529304504, 'id': 11}, {'box': [83.10340881347656, 328.79913330078125, 79.52902221679688, 101.95208740234375], 'conf': 0.58741266, 'label_id': 'bottle', 'sub_labels': 'other', 'sub_labels_conf': 0.9404836297035217, 'id': 12}]"
258,2024/5/22 Wednesday 0:1:5,"[{'box': [472.25054931640625, 193.9032745361328, 45.971832275390625, 90.5325927734375], 'conf': 0.9199742, 'label_id': 'cell phone', 'sub_labels': 'other', 'sub_labels_conf': 0.8728556632995605, 'id': 1}, {'box': [539.857421875, 328.49267578125, 34.48052978515625, 50.218475341796875], 'conf': 0.8608212, 'label_id': 'mouse', 'sub_labels': 'other', 'sub_labels_conf': 0.8795738816261292, 'id': 2}, {'box': [409.369384765625, 303.41632080078125, 206.93820190429688, 76.57473754882812], 'conf': 0.7349166, 'label_id': 'keyboard', 'sub_labels': 'not_human', 'sub_labels_conf': 0.9992827773094177, 'id': 3}, {'box': [1030.6448974609375, 245.22544860839844, 65.98956298828125, 45.994964599609375], 'conf': 0.42078263, 'label_id': 'bottle', 'sub_labels': 'other', 'sub_labels_conf': 0.999819815158844, 'id': 4}, {'box': [544.7976684570312, 61.51278305053711, 203.6639404296875, 120.82877349853516], 'conf': 0.48848367, 'label_id': 'tv', 'sub_labels': 'other', 'sub_labels_conf': 0.6334601640701294, 'id': 5}, {'box': [429.2388916015625, 313.8685302734375, 334.4015808105469, 167.13519287109375], 'conf': 0.4446347, 'label_id': 'laptop', 'sub_labels': 'not_human', 'sub_labels_conf': 0.9999994039535522, 'id': 6}, {'box': [230.14443969726562, 159.64007568359375, 64.41865539550781, 51.338653564453125], 'conf': 0.4745145, 'label_id': 'bottle', 'sub_labels': 'other', 'sub_labels_conf': 0.9997809529304504, 'id': 11}, {'box': [82.887939453125, 328.7156677246094, 79.87892150878906, 102.11456298828125], 'conf': 0.5231027, 'label_id': 'bottle', 'sub_labels': 'other', 'sub_labels_conf': 0.950486421585083, 'id': 12}]"
259,2024/5/22 Wednesday 0:1:5,"[{'box': [472.2673034667969, 193.91299438476562, 45.993896484375, 90.57673645019531], 'conf': 0.9190341, 'label_id': 'cell phone', 'sub_labels': 'other', 'sub_labels_conf': 0.8728556632995605, 'id': 1}, {'box': [539.867919921875, 328.50238037109375, 34.49493408203125, 50.313507080078125], 'conf': 0.8549266, 'label_id': 'mouse', 'sub_labels': 'other', 'sub_labels_conf': 0.8795738816261292, 'id': 2}, {'box': [409.83233642578125, 303.527587890625, 205.35336303710938, 76.51394653320312], 'conf': 0.71808815, 'label_id': 'keyboard', 'sub_labels': 'not_human', 'sub_labels_conf': 0.99928218126297, 'id': 3}, {'box': [1030.6781005859375, 245.2304229736328, 65.98309326171875, 45.984527587890625], 'conf': 0.41642696, 'label_id': 'bottle', 'sub_labels': 'other', 'sub_labels_conf': 0.999819815158844, 'id': 4}, {'box': [544.800537109375, 61.53248596191406, 203.77142333984375, 120.87202453613281], 'conf': 0.4744508, 'label_id': 'tv', 'sub_labels': 'other', 'sub_labels_conf': 0.6334601640701294, 'id': 5}, {'box': [429.26434326171875, 313.80303955078125, 334.4725036621094, 166.75689697265625], 'conf': 0.55047446, 'label_id': 'laptop', 'sub_labels': 'not_human', 'sub_labels_conf': 0.9999994039535522, 'id': 6}, {'box': [230.4456787109375, 160.16488647460938, 64.179443359375, 52.16911315917969], 'conf': 0.4891975, 'label_id': 'bottle', 'sub_labels': 'other', 'sub_labels_conf': 0.9994970560073853, 'id': 11}, {'box': [82.72525787353516, 328.7825927734375, 80.22285461425781, 102.05514526367188], 'conf': 0.48424974, 'label_id': 'bottle', 'sub_labels': 'other', 'sub_labels_conf': 0.8681265711784363, 'id': 12}]"
260,2024/5/22 Wednesday 0:1:5,"[{'box': [472.2386474609375, 193.91409301757812, 45.978912353515625, 90.58122253417969], 'conf': 0.9202478, 'label_id': 'cell phone', 'sub_labels': 'other', 'sub_labels_conf': 0.8728556632995605, 'id': 1}, {'box': [539.845947265625, 328.52117919921875, 34.48382568359375, 50.291900634765625], 'conf': 0.8531237, 'label_id': 'mouse', 'sub_labels': 'other', 'sub_labels_conf': 0.8795738816261292, 'id': 2}, {'box': [409.28125, 303.4736022949219, 207.25418090820312, 76.47509765625], 'conf': 0.72647697, 'label_id': 'keyboard', 'sub_labels': 'not_human', 'sub_labels_conf': 0.9992827773094177, 'id': 3}, {'box': [1030.7003173828125, 245.23764038085938, 66.01318359375, 45.98841857910156], 'conf': 0.39369813, 'label_id': 'bottle', 'sub_labels': 'other', 'sub_labels_conf': 0.9997114539146423, 'id': 4}, {'box': [544.690673828125, 61.60780334472656, 203.65252685546875, 120.99638366699219], 'conf': 0.47975662, 'label_id': 'tv', 'sub_labels': 'other', 'sub_labels_conf': 0.6334601640701294, 'id': 5}, {'box': [429.2184753417969, 313.7786560058594, 334.37030029296875, 166.52891540527344], 'conf': 0.48916268, 'label_id': 'laptop', 'sub_labels': 'not_human', 'sub_labels_conf': 0.9999994039535522, 'id': 6}, {'box': [230.21820068359375, 159.87295532226562, 64.35899353027344, 51.72312927246094], 'conf': 0.5171284, 'label_id': 'bottle', 'sub_labels': 'other', 'sub_labels_conf': 0.9997809529304504, 'id': 11}, {'box': [82.66055297851562, 328.7314147949219, 80.23558807373047, 102.1055908203125], 'conf': 0.52069694, 'label_id': 'bottle', 'sub_labels': 'other', 'sub_labels_conf': 0.8871557712554932, 'id': 12}]"
261,2024/5/22 Wednesday 0:1:5,"[{'box': [472.22125244140625, 193.91720581054688, 45.989532470703125, 90.59329223632812], 'conf': 0.9218303, 'label_id': 'cell phone', 'sub_labels': 'other', 'sub_labels_conf': 0.8728556632995605, 'id': 1}, {'box': [539.8251953125, 328.54150390625, 34.47796630859375, 50.359344482421875], 'conf': 0.8500425, 'label_id': 'mouse', 'sub_labels': 'other', 'sub_labels_conf': 0.8795738816261292, 'id': 2}, {'box': [409.0894775390625, 303.4650573730469, 207.9066162109375, 76.4959716796875], 'conf': 0.71280664, 'label_id': 'keyboard', 'sub_labels': 'not_human', 'sub_labels_conf': 0.9992827773094177, 'id': 3}, {'box': [1030.70263671875, 245.24807739257812, 65.99273681640625, 46.00172424316406], 'conf': 0.4039581, 'label_id': 'bottle', 'sub_labels': 'other', 'sub_labels_conf': 0.999924898147583, 'id': 4}, {'box': [544.5623779296875, 61.55898666381836, 203.30758666992188, 120.84085845947266], 'conf': 0.4812325, 'label_id': 'tv', 'sub_labels': 'other', 'sub_labels_conf': 0.6334601640701294, 'id': 5}, {'box': [429.22186279296875, 313.860107421875, 334.5687561035156, 166.2177734375], 'conf': 0.52654576, 'label_id': 'laptop', 'sub_labels': 'not_human', 'sub_labels_conf': 0.9999994039535522, 'id': 6}, {'box': [230.1153106689453, 159.7401580810547, 64.40408325195312, 51.504241943359375], 'conf': 0.4513637, 'label_id': 'bottle', 'sub_labels': 'other', 'sub_labels_conf': 0.9997809529304504, 'id': 11}, {'box': [82.5433578491211, 328.68011474609375, 80.43095397949219, 102.22225952148438], 'conf': 0.5227507, 'label_id': 'bottle', 'sub_labels': 'other', 'sub_labels_conf': 0.8871557712554932, 'id': 12}]"
262,2024/5/22 Wednesday 0:1:5,"[{'box': [472.2047119140625, 193.9207763671875, 45.9578857421875, 90.57147216796875], 'conf': 0.9204541, 'label_id': 'cell phone', 'sub_labels': 'other', 'sub_labels_conf': 0.8728556632995605, 'id': 1}, {'box': [539.8140869140625, 328.5302429199219, 34.4876708984375, 50.372802734375], 'conf': 0.8554577, 'label_id': 'mouse', 'sub_labels': 'other', 'sub_labels_conf': 0.8795738816261292, 'id': 2}, {'box': [408.98681640625, 303.41253662109375, 208.16622924804688, 76.46487426757812], 'conf': 0.72872096, 'label_id': 'keyboard', 'sub_labels': 'not_human', 'sub_labels_conf': 0.9995253086090088, 'id': 3}, {'box': [1030.675537109375, 245.25509643554688, 65.99053955078125, 46.00520324707031], 'conf': 0.43443096, 'label_id': 'bottle', 'sub_labels': 'other', 'sub_labels_conf': 0.999924898147583, 'id': 4}, {'box': [544.6183471679688, 61.38726806640625, 203.50936889648438, 120.53240966796875], 'conf': 0.48338386, 'label_id': 'tv', 'sub_labels': 'other', 'sub_labels_conf': 0.6334601640701294, 'id': 5}, {'box': [429.150146484375, 313.85260009765625, 334.57421875, 166.5264129638672], 'conf': 0.40475604, 'label_id': 'laptop', 'sub_labels': 'not_human', 'sub_labels_conf': 0.9999994039535522, 'id': 6}, {'box': [230.061279296875, 159.5101776123047, 64.28047180175781, 51.468658447265625], 'conf': 0.48164645, 'label_id': 'bottle', 'sub_labels': 'other', 'sub_labels_conf': 0.9997809529304504, 'id': 11}, {'box': [82.35736083984375, 328.49658203125, 80.92273712158203, 102.57196044921875], 'conf': 0.49047697, 'label_id': 'bottle', 'sub_labels': 'other', 'sub_labels_conf': 0.8796365261077881, 'id': 12}]"
263,2024/5/22 Wednesday 0:1:5,"[{'box': [472.19805908203125, 193.92657470703125, 45.935028076171875, 90.55879211425781], 'conf': 0.9195911, 'label_id': 'cell phone', 'sub_labels': 'other', 'sub_labels_conf': 0.8728556632995605, 'id': 1}, {'box': [539.821533203125, 328.544921875, 34.4742431640625, 50.340118408203125], 'conf': 0.8447589, 'label_id': 'mouse', 'sub_labels': 'other', 'sub_labels_conf': 0.8795738816261292, 'id': 2}, {'box': [408.986328125, 303.41741943359375, 208.21817016601562, 76.49636840820312], 'conf': 0.71465945, 'label_id': 'keyboard', 'sub_labels': 'not_human', 'sub_labels_conf': 0.9995253086090088, 'id': 3}, {'box': [1030.6793212890625, 245.25848388671875, 65.984130859375, 46.02226257324219], 'conf': 0.43751243, 'label_id': 'bottle', 'sub_labels': 'other', 'sub_labels_conf': 0.999924898147583, 'id': 4}, {'box': [544.7412109375, 61.58876419067383, 203.68875122070312, 120.9565658569336], 'conf': 0.49750566, 'label_id': 'tv', 'sub_labels': 'other', 'sub_labels_conf': 0.6334601640701294, 'id': 5}, {'box': [429.21258544921875, 313.89727783203125, 334.686767578125, 166.78846740722656], 'conf': 0.43339357, 'label_id': 'laptop', 'sub_labels': 'not_human', 'sub_labels_conf': 0.9999994039535522, 'id': 6}, {'box': [230.15985107421875, 159.99224853515625, 63.95783996582031, 51.85566711425781], 'conf': 0.46903497, 'label_id': 'bottle', 'sub_labels': 'other', 'sub_labels_conf': 0.9997767806053162, 'id': 11}, {'box': [82.312255859375, 328.656982421875, 81.05018615722656, 102.3914794921875], 'conf': 0.45315737, 'label_id': 'bottle', 'sub_labels': 'other', 'sub_labels_conf': 0.8809887766838074, 'id': 12}, {'box': [780.708984375, 448.2432861328125, 123.36834716796875, 200.14291381835938], 'conf': 0.5275939, 'label_id': 'backpack', 'sub_labels': 'other', 'sub_labels_conf': 0.9684518575668335, 'id': 9}]"
264,2024/5/22 Wednesday 0:1:5,"[{'box': [472.21612548828125, 193.93820190429688, 45.9571533203125, 90.58131408691406], 'conf': 0.9199036, 'label_id': 'cell phone', 'sub_labels': 'other', 'sub_labels_conf': 0.8728556632995605, 'id': 1}, {'box': [539.8305053710938, 328.57366943359375, 34.4697265625, 50.314178466796875], 'conf': 0.8373832, 'label_id': 'mouse', 'sub_labels': 'other', 'sub_labels_conf': 0.8795738816261292, 'id': 2}, {'box': [409.0395202636719, 303.4537353515625, 208.18560791015625, 76.509033203125], 'conf': 0.6919031, 'label_id': 'keyboard', 'sub_labels': 'not_human', 'sub_labels_conf': 0.9992738366127014, 'id': 3}, {'box': [1030.669189453125, 245.26365661621094, 65.9793701171875, 46.014068603515625], 'conf': 0.43255213, 'label_id': 'bottle', 'sub_labels': 'other', 'sub_labels_conf': 0.999924898147583, 'id': 4}, {'box': [544.7330932617188, 61.56538391113281, 203.66268920898438, 120.88641357421875], 'conf': 0.48241267, 'label_id': 'tv', 'sub_labels': 'other', 'sub_labels_conf': 0.6334601640701294, 'id': 5}, {'box': [429.197509765625, 313.96197509765625, 334.8599853515625, 166.8776092529297], 'conf': 0.41142175, 'label_id': 'laptop', 'sub_labels': 'not_human', 'sub_labels_conf': 0.9999994039535522, 'id': 6}, {'box': [230.21646118164062, 160.19625854492188, 63.74745178222656, 51.91804504394531], 'conf': 0.46838748, 'label_id': 'bottle', 'sub_labels': 'other', 'sub_labels_conf': 0.9995748400688171, 'id': 11}, {'box': [82.60639953613281, 329.522705078125, 79.72297668457031, 101.0147705078125], 'conf': 0.42008102, 'label_id': 'bottle', 'sub_labels': 'other', 'sub_labels_conf': 0.9602349996566772, 'id': 12}, {'box': [780.5274658203125, 449.8328857421875, 120.98577880859375, 197.63455200195312], 'conf': 0.43522325, 'label_id': 'backpack', 'sub_labels': 'other', 'sub_labels_conf': 0.9812881946563721, 'id': 9}]"
265,2024/5/22 Wednesday 0:1:5,"[{'box': [472.2293395996094, 193.9320068359375, 45.949951171875, 90.55938720703125], 'conf': 0.9199103, 'label_id': 'cell phone', 'sub_labels': 'other', 'sub_labels_conf': 0.8728556632995605, 'id': 1}, {'box': [539.8441162109375, 328.533935546875, 34.4576416015625, 50.325836181640625], 'conf': 0.8477693, 'label_id': 'mouse', 'sub_labels': 'other', 'sub_labels_conf': 0.8795738816261292, 'id': 2}, {'box': [409.8336181640625, 303.50701904296875, 205.52322387695312, 76.3096923828125], 'conf': 0.6868792, 'label_id': 'keyboard', 'sub_labels': 'not_human', 'sub_labels_conf': 0.99928218126297, 'id': 3}, {'box': [1030.6513671875, 245.23703002929688, 65.99468994140625, 46.00093078613281], 'conf': 0.4309288, 'label_id': 'bottle', 'sub_labels': 'other', 'sub_labels_conf': 0.999924898147583, 'id': 4}, {'box': [544.7857666015625, 61.553985595703125, 203.74813842773438, 120.85633850097656], 'conf': 0.48731107, 'label_id': 'tv', 'sub_labels': 'other', 'sub_labels_conf': 0.6334601640701294, 'id': 5}, {'box': [429.14398193359375, 313.7046203613281, 335.0077819824219, 167.10572814941406], 'conf': 0.3995963, 'label_id': 'laptop', 'sub_labels': 'not_human', 'sub_labels_conf': 0.9999994039535522, 'id': 6}, {'box': [230.27737426757812, 160.26699829101562, 63.728759765625, 51.92939758300781], 'conf': 0.45063424, 'label_id': 'bottle', 'sub_labels': 'other', 'sub_labels_conf': 0.9995748400688171, 'id': 11}, {'box': [82.75774383544922, 330.08416748046875, 79.32244873046875, 99.23818969726562], 'conf': 0.3349019, 'label_id': 'bottle', 'sub_labels': 'other', 'sub_labels_conf': 0.8805347681045532, 'id': 12}, {'box': [781.85986328125, 450.50732421875, 121.75543212890625, 196.63052368164062], 'conf': 0.72463864, 'label_id': 'backpack', 'sub_labels': 'other', 'sub_labels_conf': 0.9274123311042786, 'id': 9}, {'box': [20.27446174621582, 109.429931640625, 40.23221206665039, 146.75039672851562], 'conf': 0.56097394, 'label_id': 'person', 'sub_labels': 'not_human', 'sub_labels_conf': 0.5049828886985779, 'id': 14}]"
266,2024/5/22 Wednesday 0:1:5,"[{'box': [472.25042724609375, 193.92071533203125, 45.966278076171875, 90.55799865722656], 'conf': 0.92030525, 'label_id': 'cell phone', 'sub_labels': 'other', 'sub_labels_conf': 0.8728556632995605, 'id': 1}, {'box': [539.8560791015625, 328.5166015625, 34.4622802734375, 50.3643798828125], 'conf': 0.85505146, 'label_id': 'mouse', 'sub_labels': 'other', 'sub_labels_conf': 0.8795738816261292, 'id': 2}, {'box': [409.3899841308594, 303.49609375, 207.13580322265625, 76.3226318359375], 'conf': 0.7013247, 'label_id': 'keyboard', 'sub_labels': 'not_human', 'sub_labels_conf': 0.9992827773094177, 'id': 3}, {'box': [1030.6202392578125, 245.23123168945312, 65.97698974609375, 45.99748229980469], 'conf': 0.43604094, 'label_id': 'bottle', 'sub_labels': 'other', 'sub_labels_conf': 0.999819815158844, 'id': 4}, {'box': [544.7933349609375, 61.578216552734375, 203.72329711914062, 120.88223266601562], 'conf': 0.48738435, 'label_id': 'tv', 'sub_labels': 'other', 'sub_labels_conf': 0.6334601640701294, 'id': 5}, {'box': [429.13653564453125, 313.5057373046875, 335.0900573730469, 166.88992309570312], 'conf': 0.37880647, 'label_id': 'laptop', 'sub_labels': 'not_human', 'sub_labels_conf': 0.9999994039535522, 'id': 6}, {'box': [230.3097686767578, 160.28982543945312, 63.766754150390625, 51.992523193359375], 'conf': 0.47722724, 'label_id': 'bottle', 'sub_labels': 'other', 'sub_labels_conf': 0.9995748400688171, 'id': 11}, {'box': [82.63532257080078, 330.4949645996094, 80.15032958984375, 100.1407470703125], 'conf': 0.33966792, 'label_id': 'bottle', 'sub_labels': 'other', 'sub_labels_conf': 0.950330913066864, 'id': 12}, {'box': [782.9742431640625, 452.02191162109375, 124.31634521484375, 194.71078491210938], 'conf': 0.6648029, 'label_id': 'backpack', 'sub_labels': 'other', 'sub_labels_conf': 0.8920357823371887, 'id': 9}, {'box': [20.758586883544922, 99.91969299316406, 41.16157531738281, 116.00436401367188], 'conf': 0.39164433, 'label_id': 'person', 'sub_labels': 'other', 'sub_labels_conf': 0.6937704682350159, 'id': 14}]"
267,2024/5/22 Wednesday 0:1:5,"[{'box': [472.28692626953125, 193.90972900390625, 46.018096923828125, 90.59553527832031], 'conf': 0.9197689, 'label_id': 'cell phone', 'sub_labels': 'other', 'sub_labels_conf': 0.7273412346839905, 'id': 1}, {'box': [539.8836669921875, 328.47711181640625, 34.46673583984375, 50.339202880859375], 'conf': 0.85328144, 'label_id': 'mouse', 'sub_labels': 'other', 'sub_labels_conf': 0.8795738816261292, 'id': 2}, {'box': [409.9065856933594, 303.58038330078125, 205.21307373046875, 76.06320190429688], 'conf': 0.71009874, 'label_id': 'keyboard', 'sub_labels': 'not_human', 'sub_labels_conf': 0.99928218126297, 'id': 3}, {'box': [1030.62744140625, 245.21517944335938, 65.95416259765625, 45.9866943359375], 'conf': 0.42659393, 'label_id': 'bottle', 'sub_labels': 'other', 'sub_labels_conf': 0.999819815158844, 'id': 4}, {'box': [544.65283203125, 61.39360046386719, 203.40789794921875, 120.48416137695312], 'conf': 0.48327565, 'label_id': 'tv', 'sub_labels': 'other', 'sub_labels_conf': 0.6334601640701294, 'id': 5}, {'box': [428.9388122558594, 313.3104553222656, 335.01470947265625, 166.6031036376953], 'conf': 0.4358973, 'label_id': 'laptop', 'sub_labels': 'not_human', 'sub_labels_conf': 0.9999994039535522, 'id': 6}, {'box': [230.48043823242188, 160.4453125, 63.57859802246094, 52.24000549316406], 'conf': 0.30805716, 'label_id': 'cup', 'sub_labels': 'other', 'sub_labels_conf': 0.9994658827781677, 'id': 11}, {'box': [82.75281524658203, 329.501708984375, 79.75619506835938, 98.89947509765625], 'conf': 0.59244543, 'label_id': 'banana', 'sub_labels': 'other', 'sub_labels_conf': 0.9942246079444885, 'id': 12}, {'box': [782.7994384765625, 456.452880859375, 124.80462646484375, 185.87289428710938], 'conf': 0.7615216, 'label_id': 'backpack', 'sub_labels': 'other', 'sub_labels_conf': 0.9435651898384094, 'id': 9}]"
268,2024/5/22 Wednesday 0:1:5,"[{'box': [472.2904052734375, 193.90475463867188, 45.990509033203125, 90.58293151855469], 'conf': 0.91957563, 'label_id': 'cell phone', 'sub_labels': 'other', 'sub_labels_conf': 0.8728556632995605, 'id': 1}, {'box': [539.8922119140625, 328.4788818359375, 34.4622802734375, 50.355621337890625], 'conf': 0.8497555, 'label_id': 'mouse', 'sub_labels': 'other', 'sub_labels_conf': 0.8795738816261292, 'id': 2}, {'box': [409.38763427734375, 303.51123046875, 207.05496215820312, 76.18191528320312], 'conf': 0.726149, 'label_id': 'keyboard', 'sub_labels': 'not_human', 'sub_labels_conf': 0.9992827773094177, 'id': 3}, {'box': [1030.6185302734375, 245.2165985107422, 65.9462890625, 45.989898681640625], 'conf': 0.43199307, 'label_id': 'bottle', 'sub_labels': 'other', 'sub_labels_conf': 0.999819815158844, 'id': 4}, {'box': [544.635986328125, 61.39801788330078, 203.36544799804688, 120.49864196777344], 'conf': 0.47157615, 'label_id': 'tv', 'sub_labels': 'other', 'sub_labels_conf': 0.6334601640701294, 'id': 5}, {'box': [429.209716796875, 313.386962890625, 334.4385070800781, 166.3653106689453], 'conf': 0.508038, 'label_id': 'laptop', 'sub_labels': 'not_human', 'sub_labels_conf': 0.9999994039535522, 'id': 6}, {'box': [230.31942749023438, 160.11788940429688, 63.77442932128906, 51.79060363769531], 'conf': 0.4615323, 'label_id': 'bottle', 'sub_labels': 'other', 'sub_labels_conf': 0.9995748400688171, 'id': 11}, {'box': [781.2838134765625, 463.7857666015625, 121.802734375, 170.08828735351562], 'conf': 0.6333694, 'label_id': 'backpack', 'sub_labels': 'other', 'sub_labels_conf': 0.9437673091888428, 'id': 9}]"
269,2024/5/22 Wednesday 0:1:5,"[{'box': [472.29095458984375, 193.90574645996094, 45.967071533203125, 90.56893920898438], 'conf': 0.91871125, 'label_id': 'cell phone', 'sub_labels': 'other', 'sub_labels_conf': 0.8728556632995605, 'id': 1}, {'box': [539.8943481445312, 328.47784423828125, 34.4652099609375, 50.381927490234375], 'conf': 0.8467508, 'label_id': 'mouse', 'sub_labels': 'other', 'sub_labels_conf': 0.8795738816261292, 'id': 2}, {'box': [409.17999267578125, 303.4630432128906, 207.79296875, 76.3154296875], 'conf': 0.73654497, 'label_id': 'keyboard', 'sub_labels': 'not_human', 'sub_labels_conf': 0.9992827773094177, 'id': 3}, {'box': [1030.6165771484375, 245.22068786621094, 65.92144775390625, 45.978057861328125], 'conf': 0.43284774, 'label_id': 'bottle', 'sub_labels': 'other', 'sub_labels_conf': 0.999819815158844, 'id': 4}, {'box': [544.625244140625, 61.423431396484375, 203.30255126953125, 120.55714416503906], 'conf': 0.47862864, 'label_id': 'tv', 'sub_labels': 'other', 'sub_labels_conf': 0.6334601640701294, 'id': 5}, {'box': [429.4267578125, 313.4791259765625, 334.2315673828125, 166.02554321289062], 'conf': 0.53386587, 'label_id': 'laptop', 'sub_labels': 'not_human', 'sub_labels_conf': 0.9999994039535522, 'id': 6}, {'box': [230.254638671875, 159.99969482421875, 63.75764465332031, 51.54791259765625], 'conf': 0.46606082, 'label_id': 'bottle', 'sub_labels': 'other', 'sub_labels_conf': 0.9997767806053162, 'id': 11}, {'box': [780.9775390625, 455.9459228515625, 121.25408935546875, 186.97323608398438], 'conf': 0.6348695, 'label_id': 'backpack', 'sub_labels': 'other', 'sub_labels_conf': 0.9280861616134644, 'id': 9}]"
270,2024/5/22 Wednesday 0:1:5,"[{'box': [472.29644775390625, 193.92709350585938, 46.01593017578125, 90.60932922363281], 'conf': 0.91952705, 'label_id': 'cell phone', 'sub_labels': 'other', 'sub_labels_conf': 0.7273412346839905, 'id': 1}, {'box': [539.8941040039062, 328.5125427246094, 34.469970703125, 50.41876220703125], 'conf': 0.846182, 'label_id': 'mouse', 'sub_labels': 'other', 'sub_labels_conf': 0.8795738816261292, 'id': 2}, {'box': [409.77886962890625, 303.5765075683594, 205.5906982421875, 76.17718505859375], 'conf': 0.7242326, 'label_id': 'keyboard', 'sub_labels': 'not_human', 'sub_labels_conf': 0.99928218126297, 'id': 3}, {'box': [1030.64892578125, 245.21258544921875, 65.9117431640625, 45.98643493652344], 'conf': 0.43304107, 'label_id': 'bottle', 'sub_labels': 'other', 'sub_labels_conf': 0.999819815158844, 'id': 4}, {'box': [544.8184814453125, 61.569313049316406, 203.63522338867188, 120.87298583984375], 'conf': 0.47203076, 'label_id': 'tv', 'sub_labels': 'other', 'sub_labels_conf': 0.6334601640701294, 'id': 5}, {'box': [429.26318359375, 313.47174072265625, 334.452880859375, 166.0591583251953], 'conf': 0.49595368, 'label_id': 'laptop', 'sub_labels': 'not_human', 'sub_labels_conf': 0.9999994039535522, 'id': 6}, {'box': [230.23226928710938, 159.99940490722656, 63.87078857421875, 51.57806396484375], 'conf': 0.46821117, 'label_id': 'bottle', 'sub_labels': 'other', 'sub_labels_conf': 0.9997767806053162, 'id': 11}, {'box': [781.8994750976562, 451.65966796875, 123.293701171875, 194.91201782226562], 'conf': 0.50812835, 'label_id': 'backpack', 'sub_labels': 'other', 'sub_labels_conf': 0.9297876358032227, 'id': 9}]"
271,2024/5/22 Wednesday 0:1:5,"[{'box': [472.3088073730469, 193.9560546875, 46.065673828125, 90.65885925292969], 'conf': 0.9199865, 'label_id': 'cell phone', 'sub_labels': 'other', 'sub_labels_conf': 0.7273412346839905, 'id': 1}, {'box': [539.88818359375, 328.53582763671875, 34.46612548828125, 50.45037841796875], 'conf': 0.8465675, 'label_id': 'mouse', 'sub_labels': 'other', 'sub_labels_conf': 0.8795738816261292, 'id': 2}, {'box': [410.0171813964844, 303.68798828125, 204.76080322265625, 76.06210327148438], 'conf': 0.72494876, 'label_id': 'keyboard', 'sub_labels': 'not_human', 'sub_labels_conf': 0.9993688464164734, 'id': 3}, {'box': [1030.6455078125, 245.228759765625, 65.8731689453125, 45.98443603515625], 'conf': 0.44775635, 'label_id': 'bottle', 'sub_labels': 'other', 'sub_labels_conf': 0.999819815158844, 'id': 4}, {'box': [544.8434448242188, 61.718231201171875, 203.80276489257812, 121.13328552246094], 'conf': 0.47138053, 'label_id': 'tv', 'sub_labels': 'other', 'sub_labels_conf': 0.6334601640701294, 'id': 5}, {'box': [429.1394348144531, 313.3055725097656, 334.70404052734375, 166.80079650878906], 'conf': 0.53697133, 'label_id': 'laptop', 'sub_labels': 'not_human', 'sub_labels_conf': 0.9999994039535522, 'id': 6}, {'box': [230.25198364257812, 160.02279663085938, 64.01707458496094, 51.78120422363281], 'conf': 0.44145712, 'label_id': 'bottle', 'sub_labels': 'other', 'sub_labels_conf': 0.9996517896652222, 'id': 11}, {'box': [781.656982421875, 445.865478515625, 122.80291748046875, 190.00357055664062], 'conf': 0.1738183, 'label_id': 'backpack', 'sub_labels': 'other', 'sub_labels_conf': 0.9634566307067871, 'id': 9}, {'box': [150.58670043945312, 518.789794921875, 300.439208984375, 390.55596923828125], 'conf': 0.72732127, 'label_id': 'person', 'sub_labels': 'other', 'sub_labels_conf': 0.9627894163131714, 'id': 16}]"
272,2024/5/22 Wednesday 0:1:5,"[{'box': [472.3134765625, 193.9707489013672, 46.062347412109375, 90.64791870117188], 'conf': 0.9182572, 'label_id': 'cell phone', 'sub_labels': 'other', 'sub_labels_conf': 0.7273412346839905, 'id': 1}, {'box': [539.888671875, 328.57684326171875, 34.469970703125, 50.471038818359375], 'conf': 0.85227406, 'label_id': 'mouse', 'sub_labels': 'other', 'sub_labels_conf': 0.8795738816261292, 'id': 2}, {'box': [410.1146240234375, 303.74664306640625, 204.3919677734375, 76.02029418945312], 'conf': 0.72410697, 'label_id': 'keyboard', 'sub_labels': 'not_human', 'sub_labels_conf': 0.9993688464164734, 'id': 3}, {'box': [1030.6585693359375, 245.2288818359375, 65.92095947265625, 46.029052734375], 'conf': 0.47992653, 'label_id': 'bottle', 'sub_labels': 'other', 'sub_labels_conf': 0.999924898147583, 'id': 4}, {'box': [544.93994140625, 61.91672897338867, 204.09527587890625, 121.53667449951172], 'conf': 0.47148126, 'label_id': 'tv', 'sub_labels': 'other', 'sub_labels_conf': 0.5975902676582336, 'id': 5}, {'box': [429.1233215332031, 313.1924743652344, 334.81243896484375, 167.04368591308594], 'conf': 0.5380968, 'label_id': 'laptop', 'sub_labels': 'not_human', 'sub_labels_conf': 0.9999994039535522, 'id': 6}, {'box': [230.27001953125, 160.06814575195312, 63.99989318847656, 51.77394104003906], 'conf': 0.45607895, 'label_id': 'bottle', 'sub_labels': 'other', 'sub_labels_conf': 0.9995748400688171, 'id': 11}, {'box': [782.58447265625, 451.769775390625, 125.05279541015625, 191.35507202148438], 'conf': 0.21772464, 'label_id': 'backpack', 'sub_labels': 'other', 'sub_labels_conf': 0.942568302154541, 'id': 9}, {'box': [150.86521911621094, 520.16015625, 300.9649963378906, 387.22698974609375], 'conf': 0.5522905, 'label_id': 'person', 'sub_labels': 'other', 'sub_labels_conf': 0.9746803641319275, 'id': 16}]"
273,2024/5/22 Wednesday 0:1:5,"[{'box': [472.2587890625, 193.98495483398438, 46.082427978515625, 90.67112731933594], 'conf': 0.9181353, 'label_id': 'cell phone', 'sub_labels': 'other', 'sub_labels_conf': 0.7273412346839905, 'id': 1}, {'box': [539.8468627929688, 328.59893798828125, 34.4888916015625, 50.44158935546875], 'conf': 0.85245293, 'label_id': 'mouse', 'sub_labels': 'other', 'sub_labels_conf': 0.8795738816261292, 'id': 2}, {'box': [410.0975341796875, 303.79608154296875, 204.283203125, 75.96279907226562], 'conf': 0.71757966, 'label_id': 'keyboard', 'sub_labels': 'not_human', 'sub_labels_conf': 0.996182382106781, 'id': 3}, {'box': [1030.6787109375, 245.20578002929688, 65.9852294921875, 46.0426025390625], 'conf': 0.4764563, 'label_id': 'bottle', 'sub_labels': 'other', 'sub_labels_conf': 0.999924898147583, 'id': 4}, {'box': [544.7510986328125, 61.72139358520508, 203.93783569335938, 121.11048126220703], 'conf': 0.4706721, 'label_id': 'tv', 'sub_labels': 'other', 'sub_labels_conf': 0.6334601640701294, 'id': 5}, {'box': [428.98583984375, 313.0442199707031, 334.9326171875, 167.08277893066406], 'conf': 0.5199527, 'label_id': 'laptop', 'sub_labels': 'not_human', 'sub_labels_conf': 0.9999994039535522, 'id': 6}, {'box': [230.19924926757812, 160.06085205078125, 63.97535705566406, 51.82196044921875], 'conf': 0.4539959, 'label_id': 'bottle', 'sub_labels': 'other', 'sub_labels_conf': 0.9995998740196228, 'id': 11}, {'box': [782.2017822265625, 461.45745849609375, 124.0745849609375, 178.9293212890625], 'conf': 0.48786396, 'label_id': 'backpack', 'sub_labels': 'other', 'sub_labels_conf': 0.9678800702095032, 'id': 9}, {'box': [150.81016540527344, 523.1473388671875, 301.1736755371094, 381.99530029296875], 'conf': 0.59737486, 'label_id': 'person', 'sub_labels': 'other', 'sub_labels_conf': 0.9809118509292603, 'id': 16}]"
274,2024/5/22 Wednesday 0:1:5,"[{'box': [472.2767333984375, 194.01104736328125, 46.167877197265625, 90.55513000488281], 'conf': 0.91893625, 'label_id': 'cell phone', 'sub_labels': 'other', 'sub_labels_conf': 0.8967764973640442, 'id': 1}, {'box': [539.8233642578125, 328.5546569824219, 34.4775390625, 50.41802978515625], 'conf': 0.85124123, 'label_id': 'mouse', 'sub_labels': 'other', 'sub_labels_conf': 0.8795738816261292, 'id': 2}, {'box': [410.04583740234375, 303.8044128417969, 204.2960205078125, 75.916748046875], 'conf': 0.72755843, 'label_id': 'keyboard', 'sub_labels': 'not_human', 'sub_labels_conf': 0.996182382106781, 'id': 3}, {'box': [1030.66845703125, 245.2073974609375, 65.9957275390625, 46.03138732910156], 'conf': 0.46558604, 'label_id': 'bottle', 'sub_labels': 'other', 'sub_labels_conf': 0.999924898147583, 'id': 4}, {'box': [544.739013671875, 61.62870788574219, 203.9334716796875, 121.02302551269531], 'conf': 0.4759267, 'label_id': 'tv', 'sub_labels': 'other', 'sub_labels_conf': 0.6334601640701294, 'id': 5}, {'box': [428.8436279296875, 312.80609130859375, 334.9447326660156, 167.42807006835938], 'conf': 0.5364953, 'label_id': 'laptop', 'sub_labels': 'not_human', 'sub_labels_conf': 0.9999983310699463, 'id': 6}, {'box': [230.13784790039062, 160.04898071289062, 64.17704772949219, 51.68119812011719], 'conf': 0.44331852, 'label_id': 'bottle', 'sub_labels': 'other', 'sub_labels_conf': 0.9996734857559204, 'id': 11}, {'box': [782.4679565429688, 467.37701416015625, 124.311279296875, 169.21237182617188], 'conf': 0.47608316, 'label_id': 'backpack', 'sub_labels': 'other', 'sub_labels_conf': 0.9630173444747925, 'id': 9}, {'box': [149.39404296875, 528.5224609375, 298.07373046875, 373.7379455566406], 'conf': 0.7059071, 'label_id': 'person', 'sub_labels': 'other', 'sub_labels_conf': 0.963366687297821, 'id': 16}]"
275,2024/5/22 Wednesday 0:1:6,"[{'box': [472.2626953125, 194.00833129882812, 46.165283203125, 90.48698425292969], 'conf': 0.91739655, 'label_id': 'cell phone', 'sub_labels': 'other', 'sub_labels_conf': 0.8967764973640442, 'id': 1}, {'box': [539.790771484375, 328.53045654296875, 34.4869384765625, 50.480682373046875], 'conf': 0.851931, 'label_id': 'mouse', 'sub_labels': 'other', 'sub_labels_conf': 0.8795738816261292, 'id': 2}, {'box': [410.0213317871094, 303.78887939453125, 204.29461669921875, 75.99899291992188], 'conf': 0.73701197, 'label_id': 'keyboard', 'sub_labels': 'not_human', 'sub_labels_conf': 0.996182382106781, 'id': 3}, {'box': [1030.6629638671875, 245.21182250976562, 66.00775146484375, 46.03858947753906], 'conf': 0.49190503, 'label_id': 'bottle', 'sub_labels': 'other', 'sub_labels_conf': 0.9999089241027832, 'id': 4}, {'box': [544.8804931640625, 61.7700309753418, 204.19338989257812, 121.44159698486328], 'conf': 0.46856225, 'label_id': 'tv', 'sub_labels': 'other', 'sub_labels_conf': 0.5975902676582336, 'id': 5}, {'box': [428.819091796875, 313.0499572753906, 334.8301696777344, 167.24742126464844], 'conf': 0.57489234, 'label_id': 'laptop', 'sub_labels': 'not_human', 'sub_labels_conf': 0.9999994039535522, 'id': 6}, {'box': [230.160400390625, 160.21783447265625, 64.24839782714844, 51.96321105957031], 'conf': 0.43952593, 'label_id': 'bottle', 'sub_labels': 'other', 'sub_labels_conf': 0.9996734857559204, 'id': 11}, {'box': [782.6591796875, 467.6813049316406, 124.43817138671875, 168.73065185546875], 'conf': 0.36549664, 'label_id': 'backpack', 'sub_labels': 'other', 'sub_labels_conf': 0.9586728811264038, 'id': 9}, {'box': [149.19107055664062, 534.5455932617188, 297.14276123046875, 362.5919189453125], 'conf': 0.66680914, 'label_id': 'person', 'sub_labels': 'other', 'sub_labels_conf': 0.96687251329422, 'id': 16}]"
276,2024/5/22 Wednesday 0:1:6,"[{'box': [472.25897216796875, 194.01968383789062, 46.19293212890625, 90.48025512695312], 'conf': 0.9181023, 'label_id': 'cell phone', 'sub_labels': 'other', 'sub_labels_conf': 0.8967764973640442, 'id': 1}, {'box': [539.7843017578125, 328.5196533203125, 34.49798583984375, 50.479522705078125], 'conf': 0.8460755, 'label_id': 'mouse', 'sub_labels': 'other', 'sub_labels_conf': 0.8795738816261292, 'id': 2}, {'box': [409.9591064453125, 303.7902526855469, 204.42770385742188, 76.04443359375], 'conf': 0.73475176, 'label_id': 'keyboard', 'sub_labels': 'not_human', 'sub_labels_conf': 0.99928218126297, 'id': 3}, {'box': [1030.6551513671875, 245.20791625976562, 65.98138427734375, 46.02091979980469], 'conf': 0.47471982, 'label_id': 'bottle', 'sub_labels': 'other', 'sub_labels_conf': 0.999924898147583, 'id': 4}, {'box': [544.84716796875, 61.6541862487793, 204.18524169921875, 121.23336029052734], 'conf': 0.4684682, 'label_id': 'tv', 'sub_labels': 'other', 'sub_labels_conf': 0.5975902676582336, 'id': 5}, {'box': [428.8162841796875, 312.71929931640625, 334.9473876953125, 167.78440856933594], 'conf': 0.56621003, 'label_id': 'laptop', 'sub_labels': 'not_human', 'sub_labels_conf': 0.9999983310699463, 'id': 6}, {'box': [230.21490478515625, 160.08961486816406, 64.08245849609375, 51.6773681640625], 'conf': 0.42014292, 'label_id': 'bottle', 'sub_labels': 'other', 'sub_labels_conf': 0.9996734857559204, 'id': 11}, {'box': [782.8709716796875, 466.8432922363281, 124.74932861328125, 170.92230224609375], 'conf': 0.46279657, 'label_id': 'backpack', 'sub_labels': 'other', 'sub_labels_conf': 0.9665250182151794, 'id': 9}, {'box': [149.21646118164062, 536.76025390625, 297.51788330078125, 356.6689147949219], 'conf': 0.8465279, 'label_id': 'person', 'sub_labels': 'other', 'sub_labels_conf': 0.9674564599990845, 'id': 16}]"
277,2024/5/22 Wednesday 0:1:6,"[{'box': [472.2596435546875, 194.00277709960938, 46.196502685546875, 90.45692443847656], 'conf': 0.9192999, 'label_id': 'cell phone', 'sub_labels': 'other', 'sub_labels_conf': 0.8967764973640442, 'id': 1}, {'box': [539.7858276367188, 328.50042724609375, 34.5013427734375, 50.431854248046875], 'conf': 0.8508451, 'label_id': 'mouse', 'sub_labels': 'other', 'sub_labels_conf': 0.8795738816261292, 'id': 2}, {'box': [409.9072265625, 303.7139892578125, 204.54751586914062, 76.02706909179688], 'conf': 0.74356824, 'label_id': 'keyboard', 'sub_labels': 'not_human', 'sub_labels_conf': 0.99928218126297, 'id': 3}, {'box': [1030.6484375, 245.20535278320312, 65.95062255859375, 46.00201416015625], 'conf': 0.46490523, 'label_id': 'bottle', 'sub_labels': 'other', 'sub_labels_conf': 0.999924898147583, 'id': 4}, {'box': [544.7332153320312, 61.574928283691406, 204.06008911132812, 121.11457824707031], 'conf': 0.4809815, 'label_id': 'tv', 'sub_labels': 'other', 'sub_labels_conf': 0.5975902676582336, 'id': 5}, {'box': [428.74212646484375, 312.545166015625, 334.989990234375, 168.3742218017578], 'conf': 0.54249257, 'label_id': 'laptop', 'sub_labels': 'not_human', 'sub_labels_conf': 0.9999983310699463, 'id': 6}, {'box': [230.2478485107422, 160.1319580078125, 64.21298217773438, 52.03692626953125], 'conf': 0.473284, 'label_id': 'bottle', 'sub_labels': 'other', 'sub_labels_conf': 0.9995005130767822, 'id': 11}, {'box': [783.0142211914062, 465.5875244140625, 125.3572998046875, 174.04653930664062], 'conf': 0.56788635, 'label_id': 'backpack', 'sub_labels': 'other', 'sub_labels_conf': 0.9348299503326416, 'id': 9}, {'box': [149.61483764648438, 542.8936767578125, 297.11572265625, 345.1706237792969], 'conf': 0.69091344, 'label_id': 'person', 'sub_labels': 'other', 'sub_labels_conf': 0.9774381518363953, 'id': 16}]"
278,2024/5/22 Wednesday 0:1:6,"[{'box': [472.25860595703125, 194.02029418945312, 46.174041748046875, 90.40805053710938], 'conf': 0.91711664, 'label_id': 'cell phone', 'sub_labels': 'other', 'sub_labels_conf': 0.8967764973640442, 'id': 1}, {'box': [539.78076171875, 328.50701904296875, 34.50274658203125, 50.4039306640625], 'conf': 0.84297234, 'label_id': 'mouse', 'sub_labels': 'other', 'sub_labels_conf': 0.8795738816261292, 'id': 2}, {'box': [409.9461669921875, 303.72589111328125, 204.45413208007812, 75.99700927734375], 'conf': 0.73801506, 'label_id': 'keyboard', 'sub_labels': 'not_human', 'sub_labels_conf': 0.9986562728881836, 'id': 3}, {'box': [1030.6494140625, 245.2034454345703, 65.95184326171875, 45.986358642578125], 'conf': 0.48284015, 'label_id': 'bottle', 'sub_labels': 'other', 'sub_labels_conf': 0.999819815158844, 'id': 4}, {'box': [544.6865844726562, 61.51472854614258, 204.02157592773438, 121.00443267822266], 'conf': 0.47834697, 'label_id': 'tv', 'sub_labels': 'other', 'sub_labels_conf': 0.5975902676582336, 'id': 5}, {'box': [428.6405029296875, 312.469970703125, 335.2021484375, 168.82666015625], 'conf': 0.509795, 'label_id': 'laptop', 'sub_labels': 'not_human', 'sub_labels_conf': 0.9999983310699463, 'id': 6}, {'box': [230.3704833984375, 160.30459594726562, 64.08876037597656, 51.70793151855469], 'conf': 0.4667361, 'label_id': 'bottle', 'sub_labels': 'other', 'sub_labels_conf': 0.9996598958969116, 'id': 11}, {'box': [783.0855102539062, 464.99700927734375, 125.6514892578125, 176.18905639648438], 'conf': 0.5953447, 'label_id': 'backpack', 'sub_labels': 'other', 'sub_labels_conf': 0.9446741342544556, 'id': 9}, {'box': [149.9254913330078, 550.376953125, 297.5686950683594, 330.810791015625], 'conf': 0.5859334, 'label_id': 'person', 'sub_labels': 'other', 'sub_labels_conf': 0.9679298996925354, 'id': 16}]"
279,2024/5/22 Wednesday 0:1:6,"[{'box': [472.29681396484375, 194.0539093017578, 46.13470458984375, 90.35787963867188], 'conf': 0.91544753, 'label_id': 'cell phone', 'sub_labels': 'other', 'sub_labels_conf': 0.8967764973640442, 'id': 1}, {'box': [539.8381958007812, 328.5126953125, 34.51611328125, 50.383758544921875], 'conf': 0.85119605, 'label_id': 'mouse', 'sub_labels': 'other', 'sub_labels_conf': 0.8795738816261292, 'id': 2}, {'box': [409.3704833984375, 303.61163330078125, 206.7777099609375, 76.051513671875], 'conf': 0.7382095, 'label_id': 'keyboard', 'sub_labels': 'not_human', 'sub_labels_conf': 0.9992827773094177, 'id': 3}, {'box': [1030.6484375, 245.19467163085938, 65.93804931640625, 45.98521423339844], 'conf': 0.48859742, 'label_id': 'bottle', 'sub_labels': 'other', 'sub_labels_conf': 0.999819815158844, 'id': 4}, {'box': [544.7744140625, 61.636070251464844, 204.20559692382812, 121.18165588378906], 'conf': 0.4804593, 'label_id': 'tv', 'sub_labels': 'other', 'sub_labels_conf': 0.5975902676582336, 'id': 5}, {'box': [428.76611328125, 312.78338623046875, 335.0057373046875, 168.30873107910156], 'conf': 0.5151138, 'label_id': 'laptop', 'sub_labels': 'not_human', 'sub_labels_conf': 0.9999983310699463, 'id': 6}, {'box': [230.6553955078125, 160.356201171875, 63.75787353515625, 51.5830078125], 'conf': 0.42949986, 'label_id': 'bottle', 'sub_labels': 'other', 'sub_labels_conf': 0.9995997548103333, 'id': 11}, {'box': [783.705078125, 462.827880859375, 126.2745361328125, 178.7352294921875], 'conf': 0.4555068, 'label_id': 'backpack', 'sub_labels': 'other', 'sub_labels_conf': 0.9869346618652344, 'id': 9}, {'box': [150.52793884277344, 556.144287109375, 298.7829284667969, 319.44903564453125], 'conf': 0.44446042, 'label_id': 'person', 'sub_labels': 'other', 'sub_labels_conf': 0.9771515727043152, 'id': 16}]"
280,2024/5/22 Wednesday 0:1:6,"[{'box': [472.2864990234375, 194.0615234375, 46.101837158203125, 90.33116149902344], 'conf': 0.91456085, 'label_id': 'cell phone', 'sub_labels': 'other', 'sub_labels_conf': 0.8967764973640442, 'id': 1}, {'box': [539.8378295898438, 328.5122985839844, 34.509521484375, 50.41375732421875], 'conf': 0.855784, 'label_id': 'mouse', 'sub_labels': 'other', 'sub_labels_conf': 0.8795738816261292, 'id': 2}, {'box': [409.08148193359375, 303.53094482421875, 207.739013671875, 76.17425537109375], 'conf': 0.7509051, 'label_id': 'keyboard', 'sub_labels': 'not_human', 'sub_labels_conf': 0.9992827773094177, 'id': 3}, {'box': [1030.652587890625, 245.19273376464844, 65.95269775390625, 45.986419677734375], 'conf': 0.46645477, 'label_id': 'bottle', 'sub_labels': 'other', 'sub_labels_conf': 0.999819815158844, 'id': 4}, {'box': [544.7342529296875, 61.62862777709961, 204.1981201171875, 121.1682357788086], 'conf': 0.4850611, 'label_id': 'tv', 'sub_labels': 'other', 'sub_labels_conf': 0.5975902676582336, 'id': 5}, {'box': [428.7783508300781, 312.84765625, 334.66351318359375, 168.14634704589844], 'conf': 0.5189057, 'label_id': 'laptop', 'sub_labels': 'not_human', 'sub_labels_conf': 0.9999983310699463, 'id': 6}, {'box': [230.78439331054688, 160.22215270996094, 63.52046203613281, 51.684600830078125], 'conf': 0.4266623, 'label_id': 'bottle', 'sub_labels': 'other', 'sub_labels_conf': 0.9995998740196228, 'id': 11}, {'box': [784.2236938476562, 461.6451416015625, 126.65185546875, 180.57345581054688], 'conf': 0.49500626, 'label_id': 'backpack', 'sub_labels': 'other', 'sub_labels_conf': 0.9808732867240906, 'id': 9}]"
281,2024/5/22 Wednesday 0:1:6,"[{'box': [472.2580261230469, 194.059326171875, 46.02642822265625, 90.27574157714844], 'conf': 0.9145744, 'label_id': 'cell phone', 'sub_labels': 'other', 'sub_labels_conf': 0.8967764973640442, 'id': 1}, {'box': [539.83349609375, 328.4970703125, 34.52880859375, 50.382598876953125], 'conf': 0.8685038, 'label_id': 'mouse', 'sub_labels': 'other', 'sub_labels_conf': 0.8795738816261292, 'id': 2}, {'box': [408.9473571777344, 303.5476989746094, 208.09893798828125, 76.15771484375], 'conf': 0.76197, 'label_id': 'keyboard', 'sub_labels': 'not_human', 'sub_labels_conf': 0.9995253086090088, 'id': 3}, {'box': [1030.666259765625, 245.19981384277344, 65.984130859375, 45.996368408203125], 'conf': 0.44778007, 'label_id': 'bottle', 'sub_labels': 'other', 'sub_labels_conf': 0.999819815158844, 'id': 4}, {'box': [544.7598876953125, 61.777713775634766, 204.33514404296875, 121.46508026123047], 'conf': 0.5056454, 'label_id': 'tv', 'sub_labels': 'other', 'sub_labels_conf': 0.5975902676582336, 'id': 5}, {'box': [428.825927734375, 312.8490905761719, 334.4278564453125, 167.6949462890625], 'conf': 0.58715117, 'label_id': 'laptop', 'sub_labels': 'not_human', 'sub_labels_conf': 0.9999983310699463, 'id': 6}, {'box': [230.6842803955078, 160.21421813964844, 63.648529052734375, 51.561126708984375], 'conf': 0.40496153, 'label_id': 'bottle', 'sub_labels': 'other', 'sub_labels_conf': 0.9995998740196228, 'id': 11}, {'box': [784.275390625, 461.6067199707031, 126.63250732421875, 181.58489990234375], 'conf': 0.48123547, 'label_id': 'backpack', 'sub_labels': 'other', 'sub_labels_conf': 0.9592214226722717, 'id': 9}, {'box': [100.19559478759766, 124.59034729003906, 199.3662567138672, 243.4622802734375], 'conf': 0.55557543, 'label_id': 'person', 'sub_labels': 'other', 'sub_labels_conf': 0.9890345335006714, 'id': 17}]"
282,2024/5/22 Wednesday 0:1:6,"[{'box': [472.246337890625, 194.0400390625, 46.01678466796875, 90.30245971679688], 'conf': 0.9147546, 'label_id': 'cell phone', 'sub_labels': 'other', 'sub_labels_conf': 0.8967764973640442, 'id': 1}, {'box': [539.8079833984375, 328.50201416015625, 34.5174560546875, 50.42730712890625], 'conf': 0.85520446, 'label_id': 'mouse', 'sub_labels': 'other', 'sub_labels_conf': 0.8795738816261292, 'id': 2}, {'box': [409.49761962890625, 303.6353759765625, 205.92529296875, 76.10018920898438], 'conf': 0.7466634, 'label_id': 'keyboard', 'sub_labels': 'not_human', 'sub_labels_conf': 0.99928218126297, 'id': 3}, {'box': [1030.6817626953125, 245.22198486328125, 66.00115966796875, 46.01763916015625], 'conf': 0.45992938, 'label_id': 'bottle', 'sub_labels': 'other', 'sub_labels_conf': 0.9999089241027832, 'id': 4}, {'box': [544.81201171875, 61.89064407348633, 204.53997802734375, 121.77519989013672], 'conf': 0.4851694, 'label_id': 'tv', 'sub_labels': 'other', 'sub_labels_conf': 0.5975902676582336, 'id': 5}, {'box': [428.921630859375, 313.05615234375, 334.0509033203125, 167.5133514404297], 'conf': 0.6655574, 'label_id': 'laptop', 'sub_labels': 'not_human', 'sub_labels_conf': 0.9999994039535522, 'id': 6}, {'box': [230.61895751953125, 160.3403778076172, 63.68211364746094, 51.2674560546875], 'conf': 0.3193645, 'label_id': 'bottle', 'sub_labels': 'other', 'sub_labels_conf': 0.9996011853218079, 'id': 11}, {'box': [785.1714477539062, 460.9732360839844, 128.95849609375, 183.10760498046875], 'conf': 0.47871175, 'label_id': 'backpack', 'sub_labels': 'other', 'sub_labels_conf': 0.9750263690948486, 'id': 9}, {'box': [99.24860382080078, 124.36482238769531, 197.45066833496094, 245.36279296875], 'conf': 0.48240766, 'label_id': 'person', 'sub_labels': 'other', 'sub_labels_conf': 0.9924169778823853, 'id': 17}]"
283,2024/5/22 Wednesday 0:1:6,"[{'box': [472.2298583984375, 194.0242462158203, 46.030426025390625, 90.32183837890625], 'conf': 0.91621387, 'label_id': 'cell phone', 'sub_labels': 'other', 'sub_labels_conf': 0.8967764973640442, 'id': 1}, {'box': [539.78369140625, 328.5054626464844, 34.51580810546875, 50.45135498046875], 'conf': 0.85847664, 'label_id': 'mouse', 'sub_labels': 'other', 'sub_labels_conf': 0.8795738816261292, 'id': 2}, {'box': [409.087890625, 303.59075927734375, 207.39645385742188, 76.07305908203125], 'conf': 0.75246584, 'label_id': 'keyboard', 'sub_labels': 'not_human', 'sub_labels_conf': 0.9992827773094177, 'id': 3}, {'box': [1030.671875, 245.22891235351562, 65.9937744140625, 46.04344177246094], 'conf': 0.46069452, 'label_id': 'bottle', 'sub_labels': 'other', 'sub_labels_conf': 0.999924898147583, 'id': 4}, {'box': [544.8291625976562, 61.98701858520508, 204.62887573242188, 122.04698944091797], 'conf': 0.49562606, 'label_id': 'tv', 'sub_labels': 'other', 'sub_labels_conf': 0.525063693523407, 'id': 5}, {'box': [429.015380859375, 313.047119140625, 333.9144592285156, 167.60418701171875], 'conf': 0.60161614, 'label_id': 'laptop', 'sub_labels': 'not_human', 'sub_labels_conf': 0.9999994039535522, 'id': 6}, {'box': [230.50271606445312, 160.34544372558594, 63.83393859863281, 51.116302490234375], 'conf': 0.35754666, 'label_id': 'bottle', 'sub_labels': 'other', 'sub_labels_conf': 0.9996011853218079, 'id': 11}, {'box': [785.19775390625, 460.34088134765625, 131.3720703125, 184.4515380859375], 'conf': 0.38804853, 'label_id': 'backpack', 'sub_labels': 'other', 'sub_labels_conf': 0.9709119200706482, 'id': 9}, {'box': [99.93525695800781, 125.27310180664062, 198.88644409179688, 246.265625], 'conf': 0.5462723, 'label_id': 'person', 'sub_labels': 'other', 'sub_labels_conf': 0.9984660148620605, 'id': 17}]"
284,2024/5/22 Wednesday 0:1:6,"[{'box': [472.22296142578125, 194.02090454101562, 45.998077392578125, 90.29753112792969], 'conf': 0.91568756, 'label_id': 'cell phone', 'sub_labels': 'other', 'sub_labels_conf': 0.8750303387641907, 'id': 1}, {'box': [539.780517578125, 328.48626708984375, 34.515869140625, 50.459930419921875], 'conf': 0.8608717, 'label_id': 'mouse', 'sub_labels': 'other', 'sub_labels_conf': 0.8795738816261292, 'id': 2}, {'box': [409.56842041015625, 303.63671875, 205.61181640625, 76.00436401367188], 'conf': 0.7469207, 'label_id': 'keyboard', 'sub_labels': 'not_human', 'sub_labels_conf': 0.99928218126297, 'id': 3}, {'box': [1030.67431640625, 245.2297821044922, 65.97906494140625, 46.051605224609375], 'conf': 0.44964555, 'label_id': 'bottle', 'sub_labels': 'other', 'sub_labels_conf': 0.999924898147583, 'id': 4}, {'box': [544.8901977539062, 62.05698013305664, 204.81494140625, 122.23918914794922], 'conf': 0.49541116, 'label_id': 'tv', 'sub_labels': 'not_human', 'sub_labels_conf': 0.48352915048599243, 'id': 5}, {'box': [428.98956298828125, 313.0570983886719, 334.025390625, 167.8802490234375], 'conf': 0.631115, 'label_id': 'laptop', 'sub_labels': 'not_human', 'sub_labels_conf': 0.9999994039535522, 'id': 6}, {'box': [230.47755432128906, 160.34548950195312, 63.930328369140625, 51.07304382324219], 'conf': 0.34014732, 'label_id': 'bottle', 'sub_labels': 'other', 'sub_labels_conf': 0.9996011853218079, 'id': 11}, {'box': [786.5592041015625, 459.66192626953125, 137.41571044921875, 185.06167602539062], 'conf': 0.32290402, 'label_id': 'backpack', 'sub_labels': 'other', 'sub_labels_conf': 0.9840260744094849, 'id': 9}, {'box': [100.6800308227539, 125.63983154296875, 200.2722625732422, 246.6248779296875], 'conf': 0.67019314, 'label_id': 'person', 'sub_labels': 'other', 'sub_labels_conf': 0.9949526786804199, 'id': 17}]"
285,2024/5/22 Wednesday 0:1:6,"[{'box': [472.2235107421875, 194.01556396484375, 46.01605224609375, 90.32789611816406], 'conf': 0.9163771, 'label_id': 'cell phone', 'sub_labels': 'other', 'sub_labels_conf': 0.8967764973640442, 'id': 1}, {'box': [539.77880859375, 328.49420166015625, 34.51263427734375, 50.496246337890625], 'conf': 0.8443192, 'label_id': 'mouse', 'sub_labels': 'other', 'sub_labels_conf': 0.8795738816261292, 'id': 2}, {'box': [409.795654296875, 303.65301513671875, 204.8956298828125, 76.00372314453125], 'conf': 0.74072313, 'label_id': 'keyboard', 'sub_labels': 'not_human', 'sub_labels_conf': 0.99928218126297, 'id': 3}, {'box': [1030.658447265625, 245.228271484375, 65.97369384765625, 46.055419921875], 'conf': 0.43793628, 'label_id': 'bottle', 'sub_labels': 'other', 'sub_labels_conf': 0.999924898147583, 'id': 4}, {'box': [544.8172607421875, 61.960296630859375, 204.65383911132812, 122.01423645019531], 'conf': 0.4931634, 'label_id': 'tv', 'sub_labels': 'other', 'sub_labels_conf': 0.525063693523407, 'id': 5}, {'box': [428.9525146484375, 313.0343933105469, 334.1263427734375, 168.5360107421875], 'conf': 0.6346011, 'label_id': 'laptop', 'sub_labels': 'not_human', 'sub_labels_conf': 0.9999991655349731, 'id': 6}, {'box': [230.60025024414062, 160.32815551757812, 63.79185485839844, 51.07954406738281], 'conf': 0.36661434, 'label_id': 'bottle', 'sub_labels': 'other', 'sub_labels_conf': 0.9996011853218079, 'id': 11}, {'box': [785.913818359375, 457.5735168457031, 139.95751953125, 187.06890869140625], 'conf': 0.2851128, 'label_id': 'backpack', 'sub_labels': 'other', 'sub_labels_conf': 0.9715299010276794, 'id': 9}, {'box': [100.61946105957031, 126.39806365966797, 200.16229248046875, 245.59571838378906], 'conf': 0.5220368, 'label_id': 'person', 'sub_labels': 'other', 'sub_labels_conf': 0.9961859583854675, 'id': 17}]"
286,2024/5/22 Wednesday 0:1:6,"[{'box': [472.2188720703125, 194.03932189941406, 46.012542724609375, 90.3177490234375], 'conf': 0.91565144, 'label_id': 'cell phone', 'sub_labels': 'other', 'sub_labels_conf': 0.8967764973640442, 'id': 1}, {'box': [539.7810668945312, 328.50653076171875, 34.497314453125, 50.470733642578125], 'conf': 0.8463716, 'label_id': 'mouse', 'sub_labels': 'other', 'sub_labels_conf': 0.8795738816261292, 'id': 2}, {'box': [409.19757080078125, 303.6029968261719, 206.99755859375, 76.01226806640625], 'conf': 0.737448, 'label_id': 'keyboard', 'sub_labels': 'not_human', 'sub_labels_conf': 0.9992827773094177, 'id': 3}, {'box': [1030.6337890625, 245.23904418945312, 65.95245361328125, 46.06089782714844], 'conf': 0.44898954, 'label_id': 'bottle', 'sub_labels': 'other', 'sub_labels_conf': 0.999924898147583, 'id': 4}, {'box': [544.8189086914062, 61.96302795410156, 204.4996337890625, 121.92320251464844], 'conf': 0.5022056, 'label_id': 'tv', 'sub_labels': 'other', 'sub_labels_conf': 0.5975902676582336, 'id': 5}, {'box': [428.909912109375, 312.8462219238281, 334.2944030761719, 169.2663116455078], 'conf': 0.57786006, 'label_id': 'laptop', 'sub_labels': 'not_human', 'sub_labels_conf': 0.9999983310699463, 'id': 6}, {'box': [230.6620635986328, 160.23220825195312, 63.656341552734375, 51.36900329589844], 'conf': 0.34806144, 'label_id': 'bottle', 'sub_labels': 'other', 'sub_labels_conf': 0.9995961785316467, 'id': 11}, {'box': [785.726318359375, 457.3955078125, 140.7919921875, 186.81991577148438], 'conf': 0.25734472, 'label_id': 'backpack', 'sub_labels': 'other', 'sub_labels_conf': 0.976469099521637, 'id': 9}, {'box': [101.79027557373047, 126.63803100585938, 202.61427307128906, 244.94198608398438], 'conf': 0.69904625, 'label_id': 'person', 'sub_labels': 'other', 'sub_labels_conf': 0.9970357418060303, 'id': 17}]"
287,2024/5/22 Wednesday 0:1:6,"[{'box': [472.21038818359375, 194.0819091796875, 46.03021240234375, 90.31700134277344], 'conf': 0.91477567, 'label_id': 'cell phone', 'sub_labels': 'other', 'sub_labels_conf': 0.8967764973640442, 'id': 1}, {'box': [539.7866821289062, 328.5309753417969, 34.482666015625, 50.422607421875], 'conf': 0.8429946, 'label_id': 'mouse', 'sub_labels': 'other', 'sub_labels_conf': 0.8795738816261292, 'id': 2}, {'box': [408.9578857421875, 303.5638427734375, 207.8206787109375, 76.10357666015625], 'conf': 0.7492447, 'label_id': 'keyboard', 'sub_labels': 'not_human', 'sub_labels_conf': 0.9996036887168884, 'id': 3}, {'box': [1030.63671875, 245.24473571777344, 65.9002685546875, 46.045806884765625], 'conf': 0.43928218, 'label_id': 'bottle', 'sub_labels': 'other', 'sub_labels_conf': 0.999924898147583, 'id': 4}, {'box': [544.715087890625, 61.94997024536133, 204.25347900390625, 121.85272979736328], 'conf': 0.49820125, 'label_id': 'tv', 'sub_labels': 'other', 'sub_labels_conf': 0.5975902676582336, 'id': 5}, {'box': [428.96612548828125, 313.28509521484375, 333.8579406738281, 168.88156127929688], 'conf': 0.59642404, 'label_id': 'laptop', 'sub_labels': 'not_human', 'sub_labels_conf': 0.9999991655349731, 'id': 6}, {'box': [230.74649047851562, 160.0884552001953, 63.44126892089844, 51.57421875], 'conf': 0.36871946, 'label_id': 'bottle', 'sub_labels': 'other', 'sub_labels_conf': 0.9996044039726257, 'id': 11}, {'box': [785.445556640625, 458.6584777832031, 136.16326904296875, 185.12872314453125], 'conf': 0.39535308, 'label_id': 'backpack', 'sub_labels': 'other', 'sub_labels_conf': 0.9761151671409607, 'id': 9}, {'box': [104.56317901611328, 127.39234924316406, 208.30723571777344, 244.66879272460938], 'conf': 0.31587058, 'label_id': 'person', 'sub_labels': 'other', 'sub_labels_conf': 0.9985299110412598, 'id': 17}]"
288,2024/5/22 Wednesday 0:1:6,"[{'box': [472.2005615234375, 194.09295654296875, 46.019500732421875, 90.30381774902344], 'conf': 0.91401124, 'label_id': 'cell phone', 'sub_labels': 'other', 'sub_labels_conf': 0.8967764973640442, 'id': 1}, {'box': [539.788818359375, 328.54852294921875, 34.45843505859375, 50.377105712890625], 'conf': 0.8515052, 'label_id': 'mouse', 'sub_labels': 'other', 'sub_labels_conf': 0.8795738816261292, 'id': 2}, {'box': [408.892578125, 303.5665283203125, 208.09146118164062, 76.12579345703125], 'conf': 0.75836897, 'label_id': 'keyboard', 'sub_labels': 'not_human', 'sub_labels_conf': 0.9995253086090088, 'id': 3}, {'box': [1030.638427734375, 245.23695373535156, 65.8734130859375, 46.032257080078125], 'conf': 0.429381, 'label_id': 'bottle', 'sub_labels': 'other', 'sub_labels_conf': 0.999924898147583, 'id': 4}, {'box': [544.7633056640625, 61.986778259277344, 204.2930908203125, 121.91737365722656], 'conf': 0.513169, 'label_id': 'tv', 'sub_labels': 'other', 'sub_labels_conf': 0.5975902676582336, 'id': 5}, {'box': [428.96051025390625, 313.12982177734375, 333.8055725097656, 168.50001525878906], 'conf': 0.5981163, 'label_id': 'laptop', 'sub_labels': 'not_human', 'sub_labels_conf': 0.9999991655349731, 'id': 6}, {'box': [230.79354858398438, 160.0047607421875, 63.35540771484375, 51.75978088378906], 'conf': 0.34676692, 'label_id': 'bottle', 'sub_labels': 'other', 'sub_labels_conf': 0.9996272325515747, 'id': 11}, {'box': [783.5255737304688, 458.380859375, 128.7799072265625, 184.96438598632812], 'conf': 0.4059933, 'label_id': 'backpack', 'sub_labels': 'other', 'sub_labels_conf': 0.9358285665512085, 'id': 9}, {'box': [105.4593276977539, 127.02908325195312, 210.27992248535156, 244.5435791015625], 'conf': 0.43330827, 'label_id': 'person', 'sub_labels': 'other', 'sub_labels_conf': 0.9986240863800049, 'id': 17}]"
289,2024/5/22 Wednesday 0:1:6,"[{'box': [472.1978759765625, 194.0845947265625, 46.01531982421875, 90.27970886230469], 'conf': 0.9137314, 'label_id': 'cell phone', 'sub_labels': 'other', 'sub_labels_conf': 0.8967764973640442, 'id': 1}, {'box': [539.7802734375, 328.5325927734375, 34.4652099609375, 50.442108154296875], 'conf': 0.8509252, 'label_id': 'mouse', 'sub_labels': 'other', 'sub_labels_conf': 0.8795738816261292, 'id': 2}, {'box': [408.88153076171875, 303.5694580078125, 208.18136596679688, 76.14923095703125], 'conf': 0.74786186, 'label_id': 'keyboard', 'sub_labels': 'not_human', 'sub_labels_conf': 0.9995253086090088, 'id': 3}, {'box': [1030.6468505859375, 245.2197723388672, 65.874755859375, 46.024688720703125], 'conf': 0.43651545, 'label_id': 'bottle', 'sub_labels': 'other', 'sub_labels_conf': 0.999924898147583, 'id': 4}, {'box': [544.8204345703125, 61.959556579589844, 204.35540771484375, 121.90740966796875], 'conf': 0.5185643, 'label_id': 'tv', 'sub_labels': 'other', 'sub_labels_conf': 0.5975902676582336, 'id': 5}, {'box': [428.9478759765625, 312.9810791015625, 333.9764099121094, 168.14120483398438], 'conf': 0.5951745, 'label_id': 'laptop', 'sub_labels': 'not_human', 'sub_labels_conf': 0.9999984502792358, 'id': 6}, {'box': [230.81173706054688, 159.8784942626953, 63.26853942871094, 52.1090087890625], 'conf': 0.44049963, 'label_id': 'bottle', 'sub_labels': 'other', 'sub_labels_conf': 0.999297022819519, 'id': 11}, {'box': [783.7454833984375, 456.5049133300781, 127.16497802734375, 189.69818115234375], 'conf': 0.3818975, 'label_id': 'backpack', 'sub_labels': 'other', 'sub_labels_conf': 0.8144270181655884, 'id': 9}, {'box': [106.26144409179688, 126.60514068603516, 211.69210815429688, 244.4919891357422], 'conf': 0.61671376, 'label_id': 'person', 'sub_labels': 'other', 'sub_labels_conf': 0.9992585778236389, 'id': 17}]"
290,2024/5/22 Wednesday 0:1:6,"[{'box': [472.2038879394531, 194.054443359375, 46.04986572265625, 90.31832885742188], 'conf': 0.91569614, 'label_id': 'cell phone', 'sub_labels': 'other', 'sub_labels_conf': 0.8967764973640442, 'id': 1}, {'box': [539.766845703125, 328.53033447265625, 34.45684814453125, 50.486785888671875], 'conf': 0.8416611, 'label_id': 'mouse', 'sub_labels': 'other', 'sub_labels_conf': 0.8795738816261292, 'id': 2}, {'box': [408.9017028808594, 303.54888916015625, 208.22113037109375, 76.18862915039062], 'conf': 0.74326044, 'label_id': 'keyboard', 'sub_labels': 'not_human', 'sub_labels_conf': 0.9995253086090088, 'id': 3}, {'box': [1030.635009765625, 245.2110595703125, 65.93212890625, 46.04008483886719], 'conf': 0.43602675, 'label_id': 'bottle', 'sub_labels': 'other', 'sub_labels_conf': 0.999924898147583, 'id': 4}, {'box': [544.8825073242188, 61.969993591308594, 204.47360229492188, 121.99678039550781], 'conf': 0.52788967, 'label_id': 'tv', 'sub_labels': 'other', 'sub_labels_conf': 0.5975902676582336, 'id': 5}, {'box': [428.98004150390625, 312.9210510253906, 333.980712890625, 168.0116424560547], 'conf': 0.61748236, 'label_id': 'laptop', 'sub_labels': 'not_human', 'sub_labels_conf': 0.9999984502792358, 'id': 6}, {'box': [230.70494079589844, 159.9702606201172, 63.521759033203125, 52.017364501953125], 'conf': 0.46449393, 'label_id': 'bottle', 'sub_labels': 'other', 'sub_labels_conf': 0.9992581009864807, 'id': 11}, {'box': [781.6375122070312, 452.86895751953125, 121.279296875, 196.207275390625], 'conf': 0.4560302, 'label_id': 'backpack', 'sub_labels': 'other', 'sub_labels_conf': 0.9053075909614563, 'id': 9}, {'box': [105.66838836669922, 126.44969940185547, 210.27757263183594, 245.12925720214844], 'conf': 0.5216304, 'label_id': 'person', 'sub_labels': 'other', 'sub_labels_conf': 0.9989702701568604, 'id': 17}]"
291,2024/5/22 Wednesday 0:1:6,"[{'box': [472.2076416015625, 194.04408264160156, 46.04168701171875, 90.34182739257812], 'conf': 0.91522866, 'label_id': 'cell phone', 'sub_labels': 'other', 'sub_labels_conf': 0.8967764973640442, 'id': 1}, {'box': [539.7724609375, 328.5504150390625, 34.45123291015625, 50.425628662109375], 'conf': 0.8278403, 'label_id': 'mouse', 'sub_labels': 'other', 'sub_labels_conf': 0.8795738816261292, 'id': 2}, {'box': [408.93756103515625, 303.5694274902344, 208.1807861328125, 76.203369140625], 'conf': 0.7366956, 'label_id': 'keyboard', 'sub_labels': 'not_human', 'sub_labels_conf': 0.9995253086090088, 'id': 3}, {'box': [1030.6383056640625, 245.20819091796875, 65.869384765625, 46.0155029296875], 'conf': 0.3631414, 'label_id': 'bottle', 'sub_labels': 'other', 'sub_labels_conf': 0.999924898147583, 'id': 4}, {'box': [544.83837890625, 61.92898941040039, 204.30502319335938, 121.86727142333984], 'conf': 0.51323646, 'label_id': 'tv', 'sub_labels': 'other', 'sub_labels_conf': 0.5975902676582336, 'id': 5}, {'box': [429.02410888671875, 312.88348388671875, 334.1470031738281, 167.8924102783203], 'conf': 0.62312186, 'label_id': 'laptop', 'sub_labels': 'not_human', 'sub_labels_conf': 0.999998927116394, 'id': 6}, {'box': [230.65127563476562, 160.14707946777344, 63.4754638671875, 51.66961669921875], 'conf': 0.21184862, 'label_id': 'cup', 'sub_labels': 'other', 'sub_labels_conf': 0.9996028542518616, 'id': 11}, {'box': [782.3828125, 451.4688720703125, 121.60552978515625, 200.28384399414062], 'conf': 0.35725364, 'label_id': 'backpack', 'sub_labels': 'other', 'sub_labels_conf': 0.9054313898086548, 'id': 9}, {'box': [103.9126205444336, 126.95648956298828, 207.03138732910156, 246.2228546142578], 'conf': 0.29069576, 'label_id': 'person', 'sub_labels': 'other', 'sub_labels_conf': 0.9986420273780823, 'id': 17}]"
292,2024/5/22 Wednesday 0:1:6,"[{'box': [472.2098388671875, 194.06686401367188, 46.019195556640625, 90.32048034667969], 'conf': 0.9142154, 'label_id': 'cell phone', 'sub_labels': 'other', 'sub_labels_conf': 0.8967764973640442, 'id': 1}, {'box': [539.7894287109375, 328.5580139160156, 34.42596435546875, 50.31414794921875], 'conf': 0.8347429, 'label_id': 'mouse', 'sub_labels': 'other', 'sub_labels_conf': 0.8795738816261292, 'id': 2}, {'box': [408.91162109375, 303.54815673828125, 208.17489624023438, 76.21627807617188], 'conf': 0.75442237, 'label_id': 'keyboard', 'sub_labels': 'not_human', 'sub_labels_conf': 0.9995253086090088, 'id': 3}, {'box': [1030.671630859375, 245.05905151367188, 65.7122802734375, 46.13874816894531], 'conf': 0.36520338, 'label_id': 'bottle', 'sub_labels': 'other', 'sub_labels_conf': 0.999924898147583, 'id': 4}, {'box': [544.6428833007812, 61.80413055419922, 203.71755981445312, 121.4720458984375], 'conf': 0.53485805, 'label_id': 'tv', 'sub_labels': 'other', 'sub_labels_conf': 0.6334601640701294, 'id': 5}, {'box': [429.0707092285156, 312.9674987792969, 334.05438232421875, 168.18348693847656], 'conf': 0.5805188, 'label_id': 'laptop', 'sub_labels': 'not_human', 'sub_labels_conf': 0.9999982118606567, 'id': 6}, {'box': [230.6280517578125, 160.11024475097656, 63.69050598144531, 51.88299560546875], 'conf': 0.3548016, 'label_id': 'bottle', 'sub_labels': 'other', 'sub_labels_conf': 0.9996126294136047, 'id': 11}, {'box': [786.6363525390625, 450.7545471191406, 130.33197021484375, 200.25518798828125], 'conf': 0.38271502, 'label_id': 'person', 'sub_labels': 'other', 'sub_labels_conf': 0.7668050527572632, 'id': 9}, {'box': [103.67619323730469, 126.93074035644531, 206.30575561523438, 246.9967041015625], 'conf': 0.51270914, 'label_id': 'person', 'sub_labels': 'other', 'sub_labels_conf': 0.998595654964447, 'id': 17}]"
293,2024/5/22 Wednesday 0:1:6,"[{'box': [472.2264099121094, 194.0760498046875, 46.0267333984375, 90.32478332519531], 'conf': 0.9145982, 'label_id': 'cell phone', 'sub_labels': 'other', 'sub_labels_conf': 0.8967764973640442, 'id': 1}, {'box': [539.8092041015625, 328.58935546875, 34.41998291015625, 50.342254638671875], 'conf': 0.8268303, 'label_id': 'mouse', 'sub_labels': 'other', 'sub_labels_conf': 0.8795738816261292, 'id': 2}, {'box': [408.95269775390625, 303.55438232421875, 208.11953735351562, 76.22366333007812], 'conf': 0.7455381, 'label_id': 'keyboard', 'sub_labels': 'not_human', 'sub_labels_conf': 0.9995253086090088, 'id': 3}, {'box': [1030.6719970703125, 245.17230224609375, 65.86279296875, 46.10765075683594], 'conf': 0.3976645, 'label_id': 'bottle', 'sub_labels': 'other', 'sub_labels_conf': 0.999924898147583, 'id': 4}, {'box': [544.73291015625, 61.90067672729492, 203.73037719726562, 121.6343002319336], 'conf': 0.5220472, 'label_id': 'tv', 'sub_labels': 'other', 'sub_labels_conf': 0.6334601640701294, 'id': 5}, {'box': [429.031982421875, 313.1083984375, 333.8824462890625, 168.3358612060547], 'conf': 0.5869727, 'label_id': 'laptop', 'sub_labels': 'not_human', 'sub_labels_conf': 0.999998927116394, 'id': 6}, {'box': [230.4346160888672, 160.1800537109375, 64.10745239257812, 51.79930114746094], 'conf': 0.44208026, 'label_id': 'bottle', 'sub_labels': 'other', 'sub_labels_conf': 0.9996769428253174, 'id': 11}, {'box': [783.4413452148438, 450.89404296875, 124.711181640625, 197.94821166992188], 'conf': 0.43465832, 'label_id': 'backpack', 'sub_labels': 'other', 'sub_labels_conf': 0.8650658130645752, 'id': 9}, {'box': [102.39490509033203, 126.58763122558594, 203.55714416503906, 247.29031372070312], 'conf': 0.63310915, 'label_id': 'person', 'sub_labels': 'other', 'sub_labels_conf': 0.999047577381134, 'id': 17}]"
294,2024/5/22 Wednesday 0:1:6,"[{'box': [472.2544250488281, 194.06161499023438, 46.05712890625, 90.35237121582031], 'conf': 0.9164989, 'label_id': 'cell phone', 'sub_labels': 'other', 'sub_labels_conf': 0.8967764973640442, 'id': 1}, {'box': [539.81494140625, 328.57562255859375, 34.44207763671875, 50.4176025390625], 'conf': 0.8292729, 'label_id': 'mouse', 'sub_labels': 'other', 'sub_labels_conf': 0.8795738816261292, 'id': 2}, {'box': [408.99041748046875, 303.55035400390625, 208.087890625, 76.22021484375], 'conf': 0.73713666, 'label_id': 'keyboard', 'sub_labels': 'not_human', 'sub_labels_conf': 0.9995253086090088, 'id': 3}, {'box': [1030.6583251953125, 245.22152709960938, 65.92193603515625, 46.087890625], 'conf': 0.40806112, 'label_id': 'bottle', 'sub_labels': 'other', 'sub_labels_conf': 0.999924898147583, 'id': 4}, {'box': [544.775146484375, 61.99698257446289, 203.76141357421875, 121.82209014892578], 'conf': 0.51745117, 'label_id': 'tv', 'sub_labels': 'other', 'sub_labels_conf': 0.6334601640701294, 'id': 5}, {'box': [429.08416748046875, 313.1410827636719, 333.7987976074219, 168.13482666015625], 'conf': 0.6137445, 'label_id': 'laptop', 'sub_labels': 'not_human', 'sub_labels_conf': 0.999998927116394, 'id': 6}, {'box': [230.46337890625, 160.20672607421875, 64.11408996582031, 51.71929931640625], 'conf': 0.38850728, 'label_id': 'bottle', 'sub_labels': 'other', 'sub_labels_conf': 0.9996769428253174, 'id': 11}, {'box': [782.006591796875, 451.5223693847656, 121.24127197265625, 197.06829833984375], 'conf': 0.30065677, 'label_id': 'backpack', 'sub_labels': 'other', 'sub_labels_conf': 0.8064964413642883, 'id': 9}, {'box': [101.31473541259766, 126.45337677001953, 201.2775421142578, 246.6341094970703], 'conf': 0.70620674, 'label_id': 'person', 'sub_labels': 'other', 'sub_labels_conf': 0.9985905289649963, 'id': 17}]"
295,2024/5/22 Wednesday 0:1:6,"[{'box': [472.27508544921875, 194.03668212890625, 46.06976318359375, 90.34663391113281], 'conf': 0.9171968, 'label_id': 'cell phone', 'sub_labels': 'other', 'sub_labels_conf': 0.8967764973640442, 'id': 1}, {'box': [539.8204345703125, 328.5654602050781, 34.44952392578125, 50.4290771484375], 'conf': 0.8338099, 'label_id': 'mouse', 'sub_labels': 'other', 'sub_labels_conf': 0.8795738816261292, 'id': 2}, {'box': [408.9988708496094, 303.5649719238281, 208.14373779296875, 76.2398681640625], 'conf': 0.7424473, 'label_id': 'keyboard', 'sub_labels': 'not_human', 'sub_labels_conf': 0.9995253086090088, 'id': 3}, {'box': [1030.65478515625, 245.22274780273438, 65.942138671875, 46.0731201171875], 'conf': 0.40050697, 'label_id': 'bottle', 'sub_labels': 'other', 'sub_labels_conf': 0.999924898147583, 'id': 4}, {'box': [544.8270263671875, 62.028873443603516, 203.910888671875, 121.89115142822266], 'conf': 0.5043284, 'label_id': 'tv', 'sub_labels': 'not_human', 'sub_labels_conf': 0.5673103928565979, 'id': 5}, {'box': [429.039794921875, 312.976318359375, 333.8998718261719, 168.21658325195312], 'conf': 0.67593664, 'label_id': 'laptop', 'sub_labels': 'not_human', 'sub_labels_conf': 0.9999979734420776, 'id': 6}, {'box': [230.50924682617188, 160.1845703125, 64.09320068359375, 51.833038330078125], 'conf': 0.3546165, 'label_id': 'bottle', 'sub_labels': 'other', 'sub_labels_conf': 0.9996734857559204, 'id': 11}, {'box': [100.55179595947266, 126.4565200805664, 199.59461975097656, 246.24232482910156], 'conf': 0.6980421, 'label_id': 'person', 'sub_labels': 'other', 'sub_labels_conf': 0.9963995218276978, 'id': 17}]"
296,2024/5/22 Wednesday 0:1:6,"[{'box': [472.2725830078125, 194.04971313476562, 46.039306640625, 90.30555725097656], 'conf': 0.9167559, 'label_id': 'cell phone', 'sub_labels': 'other', 'sub_labels_conf': 0.8967764973640442, 'id': 1}, {'box': [539.8214111328125, 328.55218505859375, 34.43963623046875, 50.314117431640625], 'conf': 0.84464264, 'label_id': 'mouse', 'sub_labels': 'other', 'sub_labels_conf': 0.8795738816261292, 'id': 2}, {'box': [408.96661376953125, 303.5545959472656, 208.15853881835938, 76.23223876953125], 'conf': 0.7548071, 'label_id': 'keyboard', 'sub_labels': 'not_human', 'sub_labels_conf': 0.9995253086090088, 'id': 3}, {'box': [1030.6331787109375, 245.2525634765625, 65.89483642578125, 46.09228515625], 'conf': 0.4001231, 'label_id': 'bottle', 'sub_labels': 'other', 'sub_labels_conf': 0.999924898147583, 'id': 4}, {'box': [544.7626953125, 62.08229064941406, 203.72076416015625, 121.94454956054688], 'conf': 0.52706754, 'label_id': 'tv', 'sub_labels': 'not_human', 'sub_labels_conf': 0.5673103928565979, 'id': 5}, {'box': [429.14178466796875, 312.8215637207031, 334.245361328125, 167.9334259033203], 'conf': 0.6158509, 'label_id': 'laptop', 'sub_labels': 'not_human', 'sub_labels_conf': 0.999998927116394, 'id': 6}, {'box': [230.5078887939453, 160.26199340820312, 64.10427856445312, 51.71513366699219], 'conf': 0.3697666, 'label_id': 'bottle', 'sub_labels': 'other', 'sub_labels_conf': 0.9996746778488159, 'id': 11}, {'box': [100.36698913574219, 126.70646667480469, 199.44595336914062, 246.74246215820312], 'conf': 0.47596365, 'label_id': 'person', 'sub_labels': 'other', 'sub_labels_conf': 0.9961726069450378, 'id': 17}]"
297,2024/5/22 Wednesday 0:1:6,"[{'box': [472.27081298828125, 194.055908203125, 46.014434814453125, 90.28749084472656], 'conf': 0.9158335, 'label_id': 'cell phone', 'sub_labels': 'other', 'sub_labels_conf': 0.8967764973640442, 'id': 1}, {'box': [539.833984375, 328.5513000488281, 34.41680908203125, 50.2109375], 'conf': 0.8394807, 'label_id': 'mouse', 'sub_labels': 'other', 'sub_labels_conf': 0.8795738816261292, 'id': 2}, {'box': [408.96466064453125, 303.5835266113281, 208.1160888671875, 76.1317138671875], 'conf': 0.75247616, 'label_id': 'keyboard', 'sub_labels': 'not_human', 'sub_labels_conf': 0.9995253086090088, 'id': 3}, {'box': [1030.6741943359375, 245.0837860107422, 65.76434326171875, 46.207427978515625], 'conf': 0.37089777, 'label_id': 'bottle', 'sub_labels': 'other', 'sub_labels_conf': 0.999924898147583, 'id': 4}, {'box': [544.5809936523438, 62.020782470703125, 203.36831665039062, 121.75711059570312], 'conf': 0.5369097, 'label_id': 'tv', 'sub_labels': 'not_human', 'sub_labels_conf': 0.5673103928565979, 'id': 5}, {'box': [429.17840576171875, 313.00445556640625, 334.4193420410156, 167.80465698242188], 'conf': 0.5721596, 'label_id': 'laptop', 'sub_labels': 'not_human', 'sub_labels_conf': 0.9999994039535522, 'id': 6}, {'box': [230.55322265625, 160.24740600585938, 64.02326965332031, 51.631622314453125], 'conf': 0.37104434, 'label_id': 'bottle', 'sub_labels': 'other', 'sub_labels_conf': 0.9996746778488159, 'id': 11}, {'box': [100.12706756591797, 126.6976318359375, 199.0430145263672, 247.23983764648438], 'conf': 0.49696818, 'label_id': 'person', 'sub_labels': 'other', 'sub_labels_conf': 0.9938606023788452, 'id': 17}]"
298,2024/5/22 Wednesday 0:1:6,"[{'box': [472.2882080078125, 194.05691528320312, 46.014068603515625, 90.30290222167969], 'conf': 0.91627574, 'label_id': 'cell phone', 'sub_labels': 'other', 'sub_labels_conf': 0.8967764973640442, 'id': 1}, {'box': [539.8525390625, 328.55023193359375, 34.43707275390625, 50.262664794921875], 'conf': 0.8384553, 'label_id': 'mouse', 'sub_labels': 'other', 'sub_labels_conf': 0.8795738816261292, 'id': 2}, {'box': [408.9880065917969, 303.59527587890625, 208.08795166015625, 76.11065673828125], 'conf': 0.7425313, 'label_id': 'keyboard', 'sub_labels': 'not_human', 'sub_labels_conf': 0.9995253086090088, 'id': 3}, {'box': [1030.728759765625, 245.02008056640625, 65.6783447265625, 46.23295593261719], 'conf': 0.3599761, 'label_id': 'bottle', 'sub_labels': 'other', 'sub_labels_conf': 0.999924898147583, 'id': 4}, {'box': [544.7367553710938, 62.26885223388672, 203.716796875, 122.30108642578125], 'conf': 0.5292427, 'label_id': 'tv', 'sub_labels': 'not_human', 'sub_labels_conf': 0.4623163342475891, 'id': 5}, {'box': [429.3240966796875, 313.1943664550781, 334.4720153808594, 167.58583068847656], 'conf': 0.63816386, 'label_id': 'laptop', 'sub_labels': 'not_human', 'sub_labels_conf': 0.9999994039535522, 'id': 6}, {'box': [230.55484008789062, 160.29432678222656, 64.05308532714844, 51.59918212890625], 'conf': 0.3886215, 'label_id': 'bottle', 'sub_labels': 'other', 'sub_labels_conf': 0.9996746778488159, 'id': 11}, {'box': [99.73240661621094, 126.62188720703125, 198.27215576171875, 247.3692626953125], 'conf': 0.5459854, 'label_id': 'person', 'sub_labels': 'other', 'sub_labels_conf': 0.9989312291145325, 'id': 17}]"
299,2024/5/22 Wednesday 0:1:6,"[{'box': [472.30364990234375, 194.0294189453125, 46.033477783203125, 90.32745361328125], 'conf': 0.91957986, 'label_id': 'cell phone', 'sub_labels': 'other', 'sub_labels_conf': 0.8967764973640442, 'id': 1}, {'box': [539.8568115234375, 328.55401611328125, 34.45428466796875, 50.229095458984375], 'conf': 0.82166636, 'label_id': 'mouse', 'sub_labels': 'other', 'sub_labels_conf': 0.8795738816261292, 'id': 2}, {'box': [409.0325927734375, 303.60760498046875, 208.05477905273438, 76.09365844726562], 'conf': 0.7242309, 'label_id': 'keyboard', 'sub_labels': 'not_human', 'sub_labels_conf': 0.9992738366127014, 'id': 3}, {'box': [1030.750244140625, 244.96080017089844, 65.611572265625, 46.162933349609375], 'conf': 0.33399725, 'label_id': 'bottle', 'sub_labels': 'other', 'sub_labels_conf': 0.9998065829277039, 'id': 4}, {'box': [544.33984375, 62.17789077758789, 202.82614135742188, 121.95159149169922], 'conf': 0.5340442, 'label_id': 'tv', 'sub_labels': 'not_human', 'sub_labels_conf': 0.5673103928565979, 'id': 5}, {'box': [429.35406494140625, 313.167724609375, 334.8280944824219, 167.7092742919922], 'conf': 0.6535588, 'label_id': 'laptop', 'sub_labels': 'not_human', 'sub_labels_conf': 0.9999994039535522, 'id': 6}, {'box': [230.70448303222656, 160.29579162597656, 63.761322021484375, 51.52447509765625], 'conf': 0.39613786, 'label_id': 'bottle', 'sub_labels': 'other', 'sub_labels_conf': 0.999613344669342, 'id': 11}, {'box': [99.73074340820312, 126.64742279052734, 198.23403930664062, 247.26942443847656], 'conf': 0.61889786, 'label_id': 'person', 'sub_labels': 'other', 'sub_labels_conf': 0.9986989498138428, 'id': 17}]"
300,2024/5/22 Wednesday 0:1:7,"[{'box': [472.2969970703125, 194.06732177734375, 46.048004150390625, 90.34353637695312], 'conf': 0.91694, 'label_id': 'cell phone', 'sub_labels': 'other', 'sub_labels_conf': 0.8967764973640442, 'id': 1}, {'box': [539.8460693359375, 328.59307861328125, 34.4569091796875, 50.281707763671875], 'conf': 0.822158, 'label_id': 'mouse', 'sub_labels': 'other', 'sub_labels_conf': 0.8795738816261292, 'id': 2}, {'box': [409.03924560546875, 303.6298828125, 208.0242919921875, 76.14346313476562], 'conf': 0.7220917, 'label_id': 'keyboard', 'sub_labels': 'not_human', 'sub_labels_conf': 0.9992738366127014, 'id': 3}, {'box': [1030.8582763671875, 245.22216796875, 65.23065185546875, 45.94810485839844], 'conf': 0.5136679, 'label_id': 'cup', 'sub_labels': 'other', 'sub_labels_conf': 0.999819815158844, 'id': 4}, {'box': [544.1441650390625, 62.206871032714844, 202.39617919921875, 121.88328552246094], 'conf': 0.5421489, 'label_id': 'tv', 'sub_labels': 'not_human', 'sub_labels_conf': 0.5673103928565979, 'id': 5}, {'box': [429.40838623046875, 313.18426513671875, 334.8067321777344, 167.89064025878906], 'conf': 0.6164694, 'label_id': 'laptop', 'sub_labels': 'not_human', 'sub_labels_conf': 0.9999994039535522, 'id': 6}, {'box': [230.62384033203125, 160.23605346679688, 63.90130615234375, 51.62245178222656], 'conf': 0.3774497, 'label_id': 'bottle', 'sub_labels': 'other', 'sub_labels_conf': 0.999613344669342, 'id': 11}, {'box': [99.90694427490234, 126.7623291015625, 198.90589904785156, 246.86624145507812], 'conf': 0.376485, 'label_id': 'person', 'sub_labels': 'other', 'sub_labels_conf': 0.9976039528846741, 'id': 17}]"
301,2024/5/22 Wednesday 0:1:7,"[{'box': [472.223876953125, 194.12673950195312, 45.966217041015625, 90.28489685058594], 'conf': 0.91081816, 'label_id': 'cell phone', 'sub_labels': 'other', 'sub_labels_conf': 0.8923357129096985, 'id': 1}, {'box': [539.8194580078125, 328.57598876953125, 34.44970703125, 50.22857666015625], 'conf': 0.82881826, 'label_id': 'mouse', 'sub_labels': 'other', 'sub_labels_conf': 0.8795738816261292, 'id': 2}, {'box': [409.0577392578125, 303.63214111328125, 207.9586181640625, 76.16622924804688], 'conf': 0.71810824, 'label_id': 'keyboard', 'sub_labels': 'not_human', 'sub_labels_conf': 0.9992827773094177, 'id': 3}, {'box': [1030.8665771484375, 245.33737182617188, 65.0615234375, 45.84808349609375], 'conf': 0.5109767, 'label_id': 'cup', 'sub_labels': 'other', 'sub_labels_conf': 0.999819815158844, 'id': 4}, {'box': [543.947998046875, 62.108245849609375, 201.9755859375, 121.56961059570312], 'conf': 0.5609585, 'label_id': 'tv', 'sub_labels': 'not_human', 'sub_labels_conf': 0.568833589553833, 'id': 5}, {'box': [429.5368347167969, 313.1458435058594, 334.52154541015625, 167.84608459472656], 'conf': 0.6209777, 'label_id': 'laptop', 'sub_labels': 'not_human', 'sub_labels_conf': 0.9999994039535522, 'id': 6}, {'box': [230.7987060546875, 160.23208618164062, 63.52687072753906, 51.58058166503906], 'conf': 0.27954194, 'label_id': 'bottle', 'sub_labels': 'other', 'sub_labels_conf': 0.9996151924133301, 'id': 11}]"
302,2024/5/22 Wednesday 0:1:7,"[{'box': [472.1717529296875, 194.15850830078125, 45.812744140625, 90.20159912109375], 'conf': 0.90383184, 'label_id': 'cell phone', 'sub_labels': 'other', 'sub_labels_conf': 0.8971230983734131, 'id': 1}, {'box': [539.8682861328125, 328.5314636230469, 34.39569091796875, 50.11737060546875], 'conf': 0.8388763, 'label_id': 'mouse', 'sub_labels': 'other', 'sub_labels_conf': 0.8795738816261292, 'id': 2}, {'box': [408.97589111328125, 303.6209411621094, 207.955810546875, 76.1099853515625], 'conf': 0.7552501, 'label_id': 'keyboard', 'sub_labels': 'not_human', 'sub_labels_conf': 0.9996036887168884, 'id': 3}, {'box': [1030.8895263671875, 245.36672973632812, 65.035888671875, 45.82000732421875], 'conf': 0.49472886, 'label_id': 'cup', 'sub_labels': 'other', 'sub_labels_conf': 0.999819815158844, 'id': 4}, {'box': [544.1044311523438, 62.24274826049805, 202.327880859375, 121.91698455810547], 'conf': 0.55918694, 'label_id': 'tv', 'sub_labels': 'not_human', 'sub_labels_conf': 0.5673103928565979, 'id': 5}, {'box': [429.5205383300781, 312.8092041015625, 334.01812744140625, 168.2657012939453], 'conf': 0.5318381, 'label_id': 'laptop', 'sub_labels': 'not_human', 'sub_labels_conf': 0.9999980926513672, 'id': 6}, {'box': [230.87710571289062, 160.2611541748047, 63.43467712402344, 51.730682373046875], 'conf': 0.17889333, 'label_id': 'bottle', 'sub_labels': 'other', 'sub_labels_conf': 0.9996053576469421, 'id': 11}]"
303,2024/5/22 Wednesday 0:1:7,"[{'box': [472.1533203125, 194.13560485839844, 45.7667236328125, 90.18722534179688], 'conf': 0.9050611, 'label_id': 'cell phone', 'sub_labels': 'other', 'sub_labels_conf': 0.8971230983734131, 'id': 1}, {'box': [539.89453125, 328.46539306640625, 34.35772705078125, 50.02935791015625], 'conf': 0.84202266, 'label_id': 'mouse', 'sub_labels': 'other', 'sub_labels_conf': 0.8795738816261292, 'id': 2}, {'box': [408.94122314453125, 303.57122802734375, 207.9420166015625, 76.03335571289062], 'conf': 0.75706786, 'label_id': 'keyboard', 'sub_labels': 'not_human', 'sub_labels_conf': 0.9996036887168884, 'id': 3}, {'box': [1030.88720703125, 245.34254455566406, 65.0545654296875, 45.809478759765625], 'conf': 0.44239816, 'label_id': 'cup', 'sub_labels': 'other', 'sub_labels_conf': 0.999819815158844, 'id': 4}, {'box': [544.2957153320312, 62.25045394897461, 202.8421630859375, 122.02181243896484], 'conf': 0.5428246, 'label_id': 'tv', 'sub_labels': 'not_human', 'sub_labels_conf': 0.4623163342475891, 'id': 5}, {'box': [429.47589111328125, 312.8255310058594, 333.454345703125, 168.2412109375], 'conf': 0.56380993, 'label_id': 'laptop', 'sub_labels': 'not_human', 'sub_labels_conf': 0.9999978542327881, 'id': 6}, {'box': [230.84674072265625, 159.9875030517578, 63.54463195800781, 52.214447021484375], 'conf': 0.22816712, 'label_id': 'bottle', 'sub_labels': 'other', 'sub_labels_conf': 0.9993218183517456, 'id': 11}]"
304,2024/5/22 Wednesday 0:1:7,"[{'box': [472.1458435058594, 194.11611938476562, 45.740234375, 90.16929626464844], 'conf': 0.9060081, 'label_id': 'cell phone', 'sub_labels': 'other', 'sub_labels_conf': 0.8971230983734131, 'id': 1}, {'box': [539.8931884765625, 328.4568786621094, 34.3643798828125, 50.0521240234375], 'conf': 0.8366842, 'label_id': 'mouse', 'sub_labels': 'other', 'sub_labels_conf': 0.8795738816261292, 'id': 2}, {'box': [408.94610595703125, 303.5728759765625, 207.9554443359375, 76.04238891601562], 'conf': 0.7548372, 'label_id': 'keyboard', 'sub_labels': 'not_human', 'sub_labels_conf': 0.9996036887168884, 'id': 3}, {'box': [1030.887451171875, 245.3260498046875, 65.1048583984375, 45.83320617675781], 'conf': 0.3895714, 'label_id': 'cup', 'sub_labels': 'other', 'sub_labels_conf': 0.999819815158844, 'id': 4}, {'box': [544.3138427734375, 62.27195358276367, 202.79434204101562, 122.08855438232422], 'conf': 0.5463631, 'label_id': 'tv', 'sub_labels': 'not_human', 'sub_labels_conf': 0.4623163342475891, 'id': 5}, {'box': [429.4624938964844, 312.9213562011719, 333.39532470703125, 168.0462188720703], 'conf': 0.59198517, 'label_id': 'laptop', 'sub_labels': 'not_human', 'sub_labels_conf': 0.9999978542327881, 'id': 6}, {'box': [230.89956665039062, 159.99273681640625, 63.43255615234375, 52.2421875], 'conf': 0.2014805, 'label_id': 'bottle', 'sub_labels': 'other', 'sub_labels_conf': 0.999316930770874, 'id': 11}]"
305,2024/5/22 Wednesday 0:1:7,"[{'box': [472.1471252441406, 194.09539794921875, 45.776611328125, 90.17463684082031], 'conf': 0.90836143, 'label_id': 'cell phone', 'sub_labels': 'other', 'sub_labels_conf': 0.8971230983734131, 'id': 1}, {'box': [539.894775390625, 328.45343017578125, 34.3658447265625, 50.053436279296875], 'conf': 0.8424193, 'label_id': 'mouse', 'sub_labels': 'other', 'sub_labels_conf': 0.8795738816261292, 'id': 2}, {'box': [408.982421875, 303.6138916015625, 207.91860961914062, 76.03219604492188], 'conf': 0.74220335, 'label_id': 'keyboard', 'sub_labels': 'not_human', 'sub_labels_conf': 0.9996036887168884, 'id': 3}, {'box': [1030.869140625, 245.2803955078125, 65.1021728515625, 45.82768249511719], 'conf': 0.43981993, 'label_id': 'cup', 'sub_labels': 'other', 'sub_labels_conf': 0.999819815158844, 'id': 4}, {'box': [544.2286987304688, 62.11509704589844, 202.63717651367188, 121.72061157226562], 'conf': 0.5469741, 'label_id': 'tv', 'sub_labels': 'not_human', 'sub_labels_conf': 0.5673103928565979, 'id': 5}, {'box': [429.3439636230469, 312.54937744140625, 333.82989501953125, 168.00363159179688], 'conf': 0.582067, 'label_id': 'laptop', 'sub_labels': 'not_human', 'sub_labels_conf': 0.9999978542327881, 'id': 6}, {'box': [230.93661499023438, 159.88983154296875, 63.3582763671875, 52.31849670410156], 'conf': 0.3884376, 'label_id': 'bottle', 'sub_labels': 'other', 'sub_labels_conf': 0.9992850422859192, 'id': 11}]"
306,2024/5/22 Wednesday 0:1:7,"[{'box': [472.14495849609375, 194.12640380859375, 45.795806884765625, 90.19302368164062], 'conf': 0.9058064, 'label_id': 'cell phone', 'sub_labels': 'other', 'sub_labels_conf': 0.8971230983734131, 'id': 1}, {'box': [539.8985595703125, 328.4935302734375, 34.36053466796875, 50.04693603515625], 'conf': 0.8505444, 'label_id': 'mouse', 'sub_labels': 'other', 'sub_labels_conf': 0.8795738816261292, 'id': 2}, {'box': [408.9461975097656, 303.65338134765625, 207.92718505859375, 76.06857299804688], 'conf': 0.7542239, 'label_id': 'keyboard', 'sub_labels': 'not_human', 'sub_labels_conf': 0.9996036887168884, 'id': 3}, {'box': [1030.9033203125, 245.32763671875, 65.1070556640625, 45.84013366699219], 'conf': 0.47829655, 'label_id': 'cup', 'sub_labels': 'other', 'sub_labels_conf': 0.999819815158844, 'id': 4}, {'box': [544.23681640625, 62.06769561767578, 202.6959228515625, 121.66448974609375], 'conf': 0.553717, 'label_id': 'tv', 'sub_labels': 'not_human', 'sub_labels_conf': 0.5673103928565979, 'id': 5}, {'box': [429.487548828125, 312.799072265625, 333.6091003417969, 167.56724548339844], 'conf': 0.60884124, 'label_id': 'laptop', 'sub_labels': 'not_human', 'sub_labels_conf': 0.999998927116394, 'id': 6}, {'box': [230.83053588867188, 159.95643615722656, 63.54420471191406, 52.0760498046875], 'conf': 0.40439877, 'label_id': 'bottle', 'sub_labels': 'other', 'sub_labels_conf': 0.9992850422859192, 'id': 11}]"
307,2024/5/22 Wednesday 0:1:7,"[{'box': [472.15325927734375, 194.1292266845703, 45.85498046875, 90.2386474609375], 'conf': 0.91058445, 'label_id': 'cell phone', 'sub_labels': 'other', 'sub_labels_conf': 0.8971230983734131, 'id': 1}, {'box': [539.8848876953125, 328.4951171875, 34.37005615234375, 50.093048095703125], 'conf': 0.8443437, 'label_id': 'mouse', 'sub_labels': 'other', 'sub_labels_conf': 0.8795738816261292, 'id': 2}, {'box': [408.9666748046875, 303.68243408203125, 207.97744750976562, 76.12521362304688], 'conf': 0.7383137, 'label_id': 'keyboard', 'sub_labels': 'not_human', 'sub_labels_conf': 0.9996036887168884, 'id': 3}, {'box': [1030.934326171875, 245.33578491210938, 65.12811279296875, 45.84443664550781], 'conf': 0.43755415, 'label_id': 'cup', 'sub_labels': 'other', 'sub_labels_conf': 0.999819815158844, 'id': 4}, {'box': [544.2225341796875, 61.7989387512207, 202.70465087890625, 121.13011932373047], 'conf': 0.5432191, 'label_id': 'tv', 'sub_labels': 'other', 'sub_labels_conf': 0.6334601640701294, 'id': 5}, {'box': [429.28985595703125, 312.72039794921875, 333.835205078125, 167.9207305908203], 'conf': 0.612124, 'label_id': 'laptop', 'sub_labels': 'not_human', 'sub_labels_conf': 0.999998927116394, 'id': 6}, {'box': [230.5371551513672, 159.5558319091797, 64.13449096679688, 52.89215087890625], 'conf': 0.5597476, 'label_id': 'bottle', 'sub_labels': 'other', 'sub_labels_conf': 0.9993188381195068, 'id': 11}]"
308,2024/5/22 Wednesday 0:1:7,"[{'box': [472.13641357421875, 194.1355743408203, 45.87213134765625, 90.25396728515625], 'conf': 0.90883785, 'label_id': 'cell phone', 'sub_labels': 'other', 'sub_labels_conf': 0.8971230983734131, 'id': 1}, {'box': [539.87109375, 328.52374267578125, 34.36724853515625, 50.037628173828125], 'conf': 0.8455104, 'label_id': 'mouse', 'sub_labels': 'other', 'sub_labels_conf': 0.8795738816261292, 'id': 2}, {'box': [408.919677734375, 303.67889404296875, 207.97860717773438, 76.08145141601562], 'conf': 0.7407528, 'label_id': 'keyboard', 'sub_labels': 'not_human', 'sub_labels_conf': 0.9996036887168884, 'id': 3}, {'box': [1030.951904296875, 245.34632873535156, 65.0721435546875, 45.830169677734375], 'conf': 0.48798463, 'label_id': 'cup', 'sub_labels': 'other', 'sub_labels_conf': 0.999819815158844, 'id': 4}, {'box': [543.96875, 61.590354919433594, 202.2080078125, 120.62615966796875], 'conf': 0.56251276, 'label_id': 'tv', 'sub_labels': 'other', 'sub_labels_conf': 0.554440975189209, 'id': 5}, {'box': [429.3569641113281, 312.7257385253906, 334.00091552734375, 168.2281951904297], 'conf': 0.61270887, 'label_id': 'laptop', 'sub_labels': 'not_human', 'sub_labels_conf': 0.9999982118606567, 'id': 6}, {'box': [230.57022094726562, 159.70306396484375, 64.05018615722656, 52.806121826171875], 'conf': 0.4933488, 'label_id': 'bottle', 'sub_labels': 'other', 'sub_labels_conf': 0.999250590801239, 'id': 11}, {'box': [104.3038330078125, 128.1245880126953, 208.22930908203125, 239.78872680664062], 'conf': 0.57754993, 'label_id': 'person', 'sub_labels': 'other', 'sub_labels_conf': 0.9910603165626526, 'id': 17}]"
309,2024/5/22 Wednesday 0:1:7,"[{'box': [472.1307373046875, 194.09783935546875, 45.898529052734375, 90.29344177246094], 'conf': 0.9131001, 'label_id': 'cell phone', 'sub_labels': 'other', 'sub_labels_conf': 0.8971230983734131, 'id': 1}, {'box': [539.85791015625, 328.5043640136719, 34.39007568359375, 50.07769775390625], 'conf': 0.85511184, 'label_id': 'mouse', 'sub_labels': 'other', 'sub_labels_conf': 0.8795738816261292, 'id': 2}, {'box': [408.9146728515625, 303.66046142578125, 207.98452758789062, 76.09478759765625], 'conf': 0.7366472, 'label_id': 'keyboard', 'sub_labels': 'not_human', 'sub_labels_conf': 0.9996036887168884, 'id': 3}, {'box': [1030.94384765625, 245.3378143310547, 65.09295654296875, 45.839935302734375], 'conf': 0.45915452, 'label_id': 'cup', 'sub_labels': 'other', 'sub_labels_conf': 0.999819815158844, 'id': 4}, {'box': [544.03955078125, 61.80274963378906, 202.49444580078125, 121.13919067382812], 'conf': 0.548738, 'label_id': 'tv', 'sub_labels': 'other', 'sub_labels_conf': 0.6334601640701294, 'id': 5}, {'box': [429.326904296875, 312.72119140625, 333.58935546875, 168.2815704345703], 'conf': 0.6412919, 'label_id': 'laptop', 'sub_labels': 'not_human', 'sub_labels_conf': 0.9999978542327881, 'id': 6}, {'box': [230.5835418701172, 159.87945556640625, 63.987823486328125, 52.46348571777344], 'conf': 0.46026427, 'label_id': 'bottle', 'sub_labels': 'other', 'sub_labels_conf': 0.9994325041770935, 'id': 11}, {'box': [104.51017761230469, 128.17701721191406, 208.53829956054688, 238.1894073486328], 'conf': 0.42709374, 'label_id': 'person', 'sub_labels': 'other', 'sub_labels_conf': 0.9929811954498291, 'id': 17}]"
310,2024/5/22 Wednesday 0:1:7,"[{'box': [472.1121826171875, 194.12167358398438, 45.874298095703125, 90.27183532714844], 'conf': 0.90842617, 'label_id': 'cell phone', 'sub_labels': 'other', 'sub_labels_conf': 0.8971230983734131, 'id': 1}, {'box': [539.8522338867188, 328.51971435546875, 34.3720703125, 49.98876953125], 'conf': 0.8551178, 'label_id': 'mouse', 'sub_labels': 'other', 'sub_labels_conf': 0.8300865888595581, 'id': 2}, {'box': [408.87103271484375, 303.678955078125, 207.96237182617188, 76.11563110351562], 'conf': 0.7410627, 'label_id': 'keyboard', 'sub_labels': 'not_human', 'sub_labels_conf': 0.9996036887168884, 'id': 3}, {'box': [1030.950439453125, 245.34677124023438, 65.08612060546875, 45.8173828125], 'conf': 0.48698184, 'label_id': 'cup', 'sub_labels': 'other', 'sub_labels_conf': 0.999819815158844, 'id': 4}, {'box': [543.8233032226562, 61.85794448852539, 202.04043579101562, 121.1683120727539], 'conf': 0.56509596, 'label_id': 'tv', 'sub_labels': 'other', 'sub_labels_conf': 0.554440975189209, 'id': 5}, {'box': [429.4107971191406, 312.6039733886719, 333.81158447265625, 168.5063934326172], 'conf': 0.6049096, 'label_id': 'laptop', 'sub_labels': 'not_human', 'sub_labels_conf': 0.9999978542327881, 'id': 6}, {'box': [230.5620574951172, 159.71249389648438, 63.946197509765625, 52.75042724609375], 'conf': 0.52549744, 'label_id': 'bottle', 'sub_labels': 'other', 'sub_labels_conf': 0.9994348883628845, 'id': 11}, {'box': [105.46434020996094, 127.62259674072266, 210.29022216796875, 238.07276916503906], 'conf': 0.4608867, 'label_id': 'person', 'sub_labels': 'other', 'sub_labels_conf': 0.9792190194129944, 'id': 17}]"
311,2024/5/22 Wednesday 0:1:7,"[{'box': [472.1231384277344, 194.21929931640625, 45.94781494140625, 90.09359741210938], 'conf': 0.91224635, 'label_id': 'cell phone', 'sub_labels': 'other', 'sub_labels_conf': 0.8971230983734131, 'id': 1}, {'box': [539.849609375, 328.5614013671875, 34.39019775390625, 50.036407470703125], 'conf': 0.85256165, 'label_id': 'mouse', 'sub_labels': 'other', 'sub_labels_conf': 0.8795738816261292, 'id': 2}, {'box': [408.89508056640625, 303.7080078125, 207.984130859375, 76.22015380859375], 'conf': 0.73378366, 'label_id': 'keyboard', 'sub_labels': 'not_human', 'sub_labels_conf': 0.9996036887168884, 'id': 3}, {'box': [1030.958740234375, 245.36375427246094, 65.1090087890625, 45.830413818359375], 'conf': 0.48210758, 'label_id': 'cup', 'sub_labels': 'other', 'sub_labels_conf': 0.999819815158844, 'id': 4}, {'box': [543.9755249023438, 61.981422424316406, 202.4122314453125, 121.45979309082031], 'conf': 0.55742824, 'label_id': 'tv', 'sub_labels': 'other', 'sub_labels_conf': 0.554440975189209, 'id': 5}, {'box': [429.4898376464844, 312.79302978515625, 333.98834228515625, 168.2391815185547], 'conf': 0.6645041, 'label_id': 'laptop', 'sub_labels': 'not_human', 'sub_labels_conf': 0.9999978542327881, 'id': 6}, {'box': [230.46707153320312, 159.68995666503906, 64.1439208984375, 52.881256103515625], 'conf': 0.5190989, 'label_id': 'bottle', 'sub_labels': 'other', 'sub_labels_conf': 0.9994600415229797, 'id': 11}, {'box': [105.57929992675781, 127.7852783203125, 210.78305053710938, 238.75790405273438], 'conf': 0.6541797, 'label_id': 'person', 'sub_labels': 'other', 'sub_labels_conf': 0.984711766242981, 'id': 17}]"
312,2024/5/22 Wednesday 0:1:7,"[{'box': [472.13018798828125, 194.25717163085938, 45.9554443359375, 90.02195739746094], 'conf': 0.9122801, 'label_id': 'cell phone', 'sub_labels': 'other', 'sub_labels_conf': 0.8971230983734131, 'id': 1}, {'box': [539.854736328125, 328.54351806640625, 34.36676025390625, 49.991241455078125], 'conf': 0.8547171, 'label_id': 'mouse', 'sub_labels': 'other', 'sub_labels_conf': 0.8300865888595581, 'id': 2}, {'box': [408.881591796875, 303.7115783691406, 208.0113525390625, 76.2247314453125], 'conf': 0.7504165, 'label_id': 'keyboard', 'sub_labels': 'not_human', 'sub_labels_conf': 0.9995253086090088, 'id': 3}, {'box': [1030.9503173828125, 245.37498474121094, 65.10369873046875, 45.826629638671875], 'conf': 0.45392355, 'label_id': 'cup', 'sub_labels': 'other', 'sub_labels_conf': 0.999819815158844, 'id': 4}, {'box': [544.1585083007812, 61.8583869934082, 202.65817260742188, 121.25301361083984], 'conf': 0.5585266, 'label_id': 'tv', 'sub_labels': 'other', 'sub_labels_conf': 0.6334601640701294, 'id': 5}, {'box': [429.47552490234375, 312.6566467285156, 333.99609375, 168.32667541503906], 'conf': 0.639203, 'label_id': 'laptop', 'sub_labels': 'not_human', 'sub_labels_conf': 0.9999978542327881, 'id': 6}, {'box': [230.49746704101562, 159.78736877441406, 64.08274841308594, 52.635650634765625], 'conf': 0.47287768, 'label_id': 'bottle', 'sub_labels': 'other', 'sub_labels_conf': 0.999407172203064, 'id': 11}, {'box': [107.1671142578125, 126.9533462524414, 213.28604125976562, 239.1924591064453], 'conf': 0.29168448, 'label_id': 'person', 'sub_labels': 'other', 'sub_labels_conf': 0.9898865222930908, 'id': 17}]"
313,2024/5/22 Wednesday 0:1:7,"[{'box': [472.123779296875, 194.25003051757812, 45.968536376953125, 90.009765625], 'conf': 0.9136856, 'label_id': 'cell phone', 'sub_labels': 'other', 'sub_labels_conf': 0.8971230983734131, 'id': 1}, {'box': [539.845947265625, 328.5299377441406, 34.390869140625, 50.0458984375], 'conf': 0.8545304, 'label_id': 'mouse', 'sub_labels': 'other', 'sub_labels_conf': 0.8795738816261292, 'id': 2}, {'box': [408.874267578125, 303.6791076660156, 208.02505493164062, 76.23834228515625], 'conf': 0.7328902, 'label_id': 'keyboard', 'sub_labels': 'not_human', 'sub_labels_conf': 0.9995253086090088, 'id': 3}, {'box': [1030.937744140625, 245.3699951171875, 65.1522216796875, 45.83831787109375], 'conf': 0.42779106, 'label_id': 'cup', 'sub_labels': 'other', 'sub_labels_conf': 0.999819815158844, 'id': 4}, {'box': [544.3544921875, 61.98286437988281, 203.22531127929688, 121.67158508300781], 'conf': 0.50716287, 'label_id': 'tv', 'sub_labels': 'other', 'sub_labels_conf': 0.6334601640701294, 'id': 5}, {'box': [429.35321044921875, 312.58544921875, 333.8786315917969, 168.33993530273438], 'conf': 0.66161513, 'label_id': 'laptop', 'sub_labels': 'not_human', 'sub_labels_conf': 0.9999979734420776, 'id': 6}, {'box': [229.5673828125, 160.08517456054688, 65.94537353515625, 52.266815185546875], 'conf': 0.5298084, 'label_id': 'bottle', 'sub_labels': 'other', 'sub_labels_conf': 0.9998133778572083, 'id': 11}, {'box': [108.15107727050781, 126.31794738769531, 215.2855224609375, 239.54635620117188], 'conf': 0.100364916, 'label_id': 'person', 'sub_labels': 'other', 'sub_labels_conf': 0.9969034790992737, 'id': 17}]"
314,2024/5/22 Wednesday 0:1:7,"[{'box': [472.114990234375, 194.25137329101562, 45.940765380859375, 89.96678161621094], 'conf': 0.9098816, 'label_id': 'cell phone', 'sub_labels': 'other', 'sub_labels_conf': 0.8833090662956238, 'id': 1}, {'box': [539.8472900390625, 328.52215576171875, 34.39080810546875, 50.009368896484375], 'conf': 0.85235894, 'label_id': 'mouse', 'sub_labels': 'other', 'sub_labels_conf': 0.8795738816261292, 'id': 2}, {'box': [408.86480712890625, 303.6505126953125, 207.94943237304688, 76.22134399414062], 'conf': 0.7370697, 'label_id': 'keyboard', 'sub_labels': 'not_human', 'sub_labels_conf': 0.9996036887168884, 'id': 3}, {'box': [1030.923095703125, 245.37872314453125, 65.1312255859375, 45.82862854003906], 'conf': 0.46859974, 'label_id': 'cup', 'sub_labels': 'other', 'sub_labels_conf': 0.999819815158844, 'id': 4}, {'box': [544.1390991210938, 61.77279281616211, 202.76077270507812, 121.1994857788086], 'conf': 0.5296604, 'label_id': 'tv', 'sub_labels': 'other', 'sub_labels_conf': 0.6334601640701294, 'id': 5}, {'box': [429.46148681640625, 312.66937255859375, 334.0162353515625, 168.15737915039062], 'conf': 0.62066174, 'label_id': 'laptop', 'sub_labels': 'not_human', 'sub_labels_conf': 0.9999982118606567, 'id': 6}, {'box': [229.14898681640625, 160.22067260742188, 66.77227783203125, 52.06434631347656], 'conf': 0.31131235, 'label_id': 'bottle', 'sub_labels': 'other', 'sub_labels_conf': 0.9997888207435608, 'id': 11}, {'box': [107.4176025390625, 126.41805267333984, 213.73291015625, 240.01914978027344], 'conf': 0.30721602, 'label_id': 'person', 'sub_labels': 'other', 'sub_labels_conf': 0.993755578994751, 'id': 17}]"
315,2024/5/22 Wednesday 0:1:7,"[{'box': [472.13055419921875, 194.23529052734375, 45.96844482421875, 89.99418640136719], 'conf': 0.9130617, 'label_id': 'cell phone', 'sub_labels': 'other', 'sub_labels_conf': 0.8833090662956238, 'id': 1}, {'box': [539.847900390625, 328.5260009765625, 34.40692138671875, 50.119049072265625], 'conf': 0.8466381, 'label_id': 'mouse', 'sub_labels': 'other', 'sub_labels_conf': 0.8795738816261292, 'id': 2}, {'box': [408.9062805175781, 303.67169189453125, 207.94488525390625, 76.19467163085938], 'conf': 0.7207671, 'label_id': 'keyboard', 'sub_labels': 'not_human', 'sub_labels_conf': 0.9996036887168884, 'id': 3}, {'box': [1030.933349609375, 245.3834686279297, 65.14166259765625, 45.836456298828125], 'conf': 0.4404528, 'label_id': 'cup', 'sub_labels': 'other', 'sub_labels_conf': 0.999819815158844, 'id': 4}, {'box': [544.3658447265625, 61.80643844604492, 203.32452392578125, 121.3810043334961], 'conf': 0.5021788, 'label_id': 'tv', 'sub_labels': 'other', 'sub_labels_conf': 0.6334601640701294, 'id': 5}, {'box': [429.368896484375, 312.5572509765625, 334.1568603515625, 168.45272827148438], 'conf': 0.675051, 'label_id': 'laptop', 'sub_labels': 'not_human', 'sub_labels_conf': 0.9999982118606567, 'id': 6}, {'box': [229.844482421875, 160.20835876464844, 65.38543701171875, 51.305206298828125], 'conf': 0.49479735, 'label_id': 'bottle', 'sub_labels': 'other', 'sub_labels_conf': 0.9998289346694946, 'id': 11}, {'box': [109.061279296875, 126.62690734863281, 217.17953491210938, 239.88485717773438], 'conf': 0.3558596, 'label_id': 'person', 'sub_labels': 'other', 'sub_labels_conf': 0.9905224442481995, 'id': 17}]"
316,2024/5/22 Wednesday 0:1:7,"[{'box': [472.1311340332031, 194.22671508789062, 45.98211669921875, 90.02084350585938], 'conf': 0.91294926, 'label_id': 'cell phone', 'sub_labels': 'other', 'sub_labels_conf': 0.8971230983734131, 'id': 1}, {'box': [539.8389892578125, 328.5546875, 34.4013671875, 50.153045654296875], 'conf': 0.843534, 'label_id': 'mouse', 'sub_labels': 'other', 'sub_labels_conf': 0.8795738816261292, 'id': 2}, {'box': [408.92083740234375, 303.674072265625, 207.9190673828125, 76.25442504882812], 'conf': 0.7204907, 'label_id': 'keyboard', 'sub_labels': 'not_human', 'sub_labels_conf': 0.9996036887168884, 'id': 3}, {'box': [1030.93701171875, 245.40032958984375, 65.1092529296875, 45.85600280761719], 'conf': 0.5002997, 'label_id': 'cup', 'sub_labels': 'other', 'sub_labels_conf': 0.999819815158844, 'id': 4}, {'box': [544.2376098632812, 61.73198699951172, 203.085205078125, 121.20162963867188], 'conf': 0.5343809, 'label_id': 'tv', 'sub_labels': 'other', 'sub_labels_conf': 0.6334601640701294, 'id': 5}, {'box': [429.4381408691406, 312.68170166015625, 334.20709228515625, 168.2471923828125], 'conf': 0.65641403, 'label_id': 'laptop', 'sub_labels': 'not_human', 'sub_labels_conf': 0.9999982118606567, 'id': 6}, {'box': [230.33184814453125, 160.11947631835938, 64.32269287109375, 51.18769836425781], 'conf': 0.42126912, 'label_id': 'bottle', 'sub_labels': 'other', 'sub_labels_conf': 0.9997661709785461, 'id': 11}, {'box': [111.02717590332031, 126.38766479492188, 221.00082397460938, 239.89300537109375], 'conf': 0.39478332, 'label_id': 'person', 'sub_labels': 'other', 'sub_labels_conf': 0.9924237728118896, 'id': 17}]"
317,2024/5/22 Wednesday 0:1:7,"[{'box': [472.13079833984375, 194.21841430664062, 46.002532958984375, 90.04570007324219], 'conf': 0.9160797, 'label_id': 'cell phone', 'sub_labels': 'other', 'sub_labels_conf': 0.9194620251655579, 'id': 1}, {'box': [539.8284912109375, 328.5651550292969, 34.4381103515625, 50.201904296875], 'conf': 0.84656113, 'label_id': 'mouse', 'sub_labels': 'other', 'sub_labels_conf': 0.8795738816261292, 'id': 2}, {'box': [408.91778564453125, 303.60394287109375, 207.953857421875, 76.32052612304688], 'conf': 0.7286983, 'label_id': 'keyboard', 'sub_labels': 'not_human', 'sub_labels_conf': 0.9996036887168884, 'id': 3}, {'box': [1030.9417724609375, 245.398193359375, 65.176513671875, 45.87660217285156], 'conf': 0.40911463, 'label_id': 'cup', 'sub_labels': 'other', 'sub_labels_conf': 0.999819815158844, 'id': 4}, {'box': [544.6006469726562, 62.093353271484375, 203.7640380859375, 122.05973815917969], 'conf': 0.4852829, 'label_id': 'tv', 'sub_labels': 'not_human', 'sub_labels_conf': 0.4623163342475891, 'id': 5}, {'box': [429.32733154296875, 312.6350402832031, 333.7159729003906, 168.0890655517578], 'conf': 0.66210496, 'label_id': 'laptop', 'sub_labels': 'not_human', 'sub_labels_conf': 0.9999979734420776, 'id': 6}, {'box': [230.59202575683594, 160.34896850585938, 63.763702392578125, 51.11964416503906], 'conf': 0.39085853, 'label_id': 'bottle', 'sub_labels': 'other', 'sub_labels_conf': 0.999657392501831, 'id': 11}, {'box': [112.47634887695312, 126.80692291259766, 223.630615234375, 239.88121032714844], 'conf': 0.16168813, 'label_id': 'person', 'sub_labels': 'other', 'sub_labels_conf': 0.987145185470581, 'id': 17}]"
318,2024/5/22 Wednesday 0:1:7,"[{'box': [472.11981201171875, 194.2098388671875, 45.995941162109375, 90.047607421875], 'conf': 0.9138843, 'label_id': 'cell phone', 'sub_labels': 'other', 'sub_labels_conf': 0.8971230983734131, 'id': 1}, {'box': [539.819091796875, 328.5699462890625, 34.4393310546875, 50.174957275390625], 'conf': 0.849611, 'label_id': 'mouse', 'sub_labels': 'other', 'sub_labels_conf': 0.8795738816261292, 'id': 2}, {'box': [408.88525390625, 303.58721923828125, 207.947021484375, 76.33078002929688], 'conf': 0.7265981, 'label_id': 'keyboard', 'sub_labels': 'not_human', 'sub_labels_conf': 0.9996036887168884, 'id': 3}, {'box': [1030.9573974609375, 245.4139404296875, 65.17218017578125, 45.8797607421875], 'conf': 0.4563603, 'label_id': 'cup', 'sub_labels': 'other', 'sub_labels_conf': 0.999819815158844, 'id': 4}, {'box': [544.5325927734375, 62.04530715942383, 203.5489501953125, 122.00357818603516], 'conf': 0.5046036, 'label_id': 'tv', 'sub_labels': 'not_human', 'sub_labels_conf': 0.453252911567688, 'id': 5}, {'box': [429.25909423828125, 312.5294189453125, 333.7086486816406, 168.1844482421875], 'conf': 0.6323688, 'label_id': 'laptop', 'sub_labels': 'not_human', 'sub_labels_conf': 0.9999979734420776, 'id': 6}, {'box': [230.6910400390625, 160.54977416992188, 63.59832763671875, 50.98719787597656], 'conf': 0.41355857, 'label_id': 'bottle', 'sub_labels': 'other', 'sub_labels_conf': 0.9996492862701416, 'id': 11}, {'box': [113.97369384765625, 126.73699188232422, 226.2972412109375, 239.9929656982422], 'conf': 0.20538925, 'label_id': 'person', 'sub_labels': 'other', 'sub_labels_conf': 0.9942712783813477, 'id': 17}]"
319,2024/5/22 Wednesday 0:1:7,"[{'box': [472.076416015625, 194.14801025390625, 45.94329833984375, 90.15931701660156], 'conf': 0.9148842, 'label_id': 'cell phone', 'sub_labels': 'other', 'sub_labels_conf': 0.897043764591217, 'id': 1}, {'box': [539.8232421875, 328.5948486328125, 34.4302978515625, 50.141387939453125], 'conf': 0.8479649, 'label_id': 'mouse', 'sub_labels': 'other', 'sub_labels_conf': 0.8795738816261292, 'id': 2}, {'box': [408.8705139160156, 303.57720947265625, 207.95489501953125, 76.30581665039062], 'conf': 0.7409533, 'label_id': 'keyboard', 'sub_labels': 'not_human', 'sub_labels_conf': 0.9996036887168884, 'id': 3}, {'box': [1030.97314453125, 245.400390625, 65.17529296875, 45.87847900390625], 'conf': 0.44868338, 'label_id': 'cup', 'sub_labels': 'other', 'sub_labels_conf': 0.999819815158844, 'id': 4}, {'box': [544.1815795898438, 61.843448638916016, 202.79928588867188, 121.54358673095703], 'conf': 0.507089, 'label_id': 'tv', 'sub_labels': 'other', 'sub_labels_conf': 0.6358184814453125, 'id': 5}, {'box': [429.3387451171875, 312.69281005859375, 333.4148864746094, 167.91494750976562], 'conf': 0.6264315, 'label_id': 'laptop', 'sub_labels': 'not_human', 'sub_labels_conf': 0.9999990463256836, 'id': 6}, {'box': [230.66700744628906, 160.62359619140625, 63.507843017578125, 50.92668151855469], 'conf': 0.4028453, 'label_id': 'bottle', 'sub_labels': 'other', 'sub_labels_conf': 0.9993133544921875, 'id': 11}]"
320,2024/5/22 Wednesday 0:1:7,"[{'box': [472.0662841796875, 194.11328125, 45.986663818359375, 90.25218200683594], 'conf': 0.9174037, 'label_id': 'cell phone', 'sub_labels': 'other', 'sub_labels_conf': 0.897043764591217, 'id': 1}, {'box': [539.806640625, 328.6029052734375, 34.45654296875, 50.204376220703125], 'conf': 0.8470538, 'label_id': 'mouse', 'sub_labels': 'other', 'sub_labels_conf': 0.8795738816261292, 'id': 2}, {'box': [408.9034118652344, 303.6002197265625, 207.99700927734375, 76.36105346679688], 'conf': 0.7160026, 'label_id': 'keyboard', 'sub_labels': 'not_human', 'sub_labels_conf': 0.9996036887168884, 'id': 3}, {'box': [1030.9774169921875, 245.38864135742188, 65.15374755859375, 45.86488342285156], 'conf': 0.40236127, 'label_id': 'cup', 'sub_labels': 'other', 'sub_labels_conf': 0.999819815158844, 'id': 4}, {'box': [544.1038818359375, 61.77578353881836, 202.80953979492188, 121.4151382446289], 'conf': 0.5019698, 'label_id': 'tv', 'sub_labels': 'other', 'sub_labels_conf': 0.6358184814453125, 'id': 5}, {'box': [429.27227783203125, 312.64886474609375, 333.5834045410156, 168.0231170654297], 'conf': 0.6428284, 'label_id': 'laptop', 'sub_labels': 'not_human', 'sub_labels_conf': 0.9999978542327881, 'id': 6}, {'box': [230.448974609375, 160.43246459960938, 64.09941101074219, 51.43196105957031], 'conf': 0.4502327, 'label_id': 'bottle', 'sub_labels': 'other', 'sub_labels_conf': 0.9996715784072876, 'id': 11}]"
321,2024/5/22 Wednesday 0:1:7,"[{'box': [472.05401611328125, 193.99087524414062, 45.97235107421875, 90.45353698730469], 'conf': 0.91682756, 'label_id': 'cell phone', 'sub_labels': 'other', 'sub_labels_conf': 0.8910382390022278, 'id': 1}, {'box': [539.7781982421875, 328.57098388671875, 34.48968505859375, 50.288238525390625], 'conf': 0.8529005, 'label_id': 'mouse', 'sub_labels': 'other', 'sub_labels_conf': 0.8795738816261292, 'id': 2}, {'box': [408.88232421875, 303.59283447265625, 207.98342895507812, 76.32418823242188], 'conf': 0.71658784, 'label_id': 'keyboard', 'sub_labels': 'not_human', 'sub_labels_conf': 0.9996036887168884, 'id': 3}, {'box': [1030.9508056640625, 245.38742065429688, 65.20391845703125, 45.88349914550781], 'conf': 0.3566276, 'label_id': 'cup', 'sub_labels': 'other', 'sub_labels_conf': 0.999819815158844, 'id': 4}, {'box': [543.8831787109375, 61.89845657348633, 202.51498413085938, 121.54650115966797], 'conf': 0.4685779, 'label_id': 'tv', 'sub_labels': 'other', 'sub_labels_conf': 0.6302767992019653, 'id': 5}, {'box': [429.26019287109375, 312.734130859375, 333.3753967285156, 167.835693359375], 'conf': 0.69440323, 'label_id': 'laptop', 'sub_labels': 'not_human', 'sub_labels_conf': 0.999998927116394, 'id': 6}, {'box': [230.44070434570312, 160.13967895507812, 63.98243713378906, 51.416961669921875], 'conf': 0.48048082, 'label_id': 'bottle', 'sub_labels': 'other', 'sub_labels_conf': 0.9995212554931641, 'id': 11}, {'box': [111.544189453125, 127.33795928955078, 221.48373413085938, 241.09715270996094], 'conf': 0.559859, 'label_id': 'person', 'sub_labels': 'other', 'sub_labels_conf': 0.998807430267334, 'id': 17}]"
322,2024/5/22 Wednesday 0:1:7,"[{'box': [472.04443359375, 193.9364013671875, 45.9613037109375, 90.51579284667969], 'conf': 0.9177093, 'label_id': 'cell phone', 'sub_labels': 'other', 'sub_labels_conf': 0.8910382390022278, 'id': 1}, {'box': [539.7633056640625, 328.5317687988281, 34.4971923828125, 50.2994384765625], 'conf': 0.86049193, 'label_id': 'mouse', 'sub_labels': 'other', 'sub_labels_conf': 0.8795738816261292, 'id': 2}, {'box': [408.8859558105469, 303.5980224609375, 207.97271728515625, 76.3092041015625], 'conf': 0.73459715, 'label_id': 'keyboard', 'sub_labels': 'not_human', 'sub_labels_conf': 0.999610960483551, 'id': 3}, {'box': [1030.93994140625, 245.40707397460938, 65.20745849609375, 45.89067077636719], 'conf': 0.37572145, 'label_id': 'cup', 'sub_labels': 'other', 'sub_labels_conf': 0.999819815158844, 'id': 4}, {'box': [544.0670166015625, 61.995418548583984, 202.81341552734375, 121.8404769897461], 'conf': 0.5184016, 'label_id': 'tv', 'sub_labels': 'other', 'sub_labels_conf': 0.6803422570228577, 'id': 5}, {'box': [429.2168273925781, 312.7876892089844, 333.74822998046875, 167.71356201171875], 'conf': 0.6048286, 'label_id': 'laptop', 'sub_labels': 'not_human', 'sub_labels_conf': 0.999998927116394, 'id': 6}, {'box': [230.45486450195312, 159.77679443359375, 63.94439697265625, 51.75462341308594], 'conf': 0.3944863, 'label_id': 'bottle', 'sub_labels': 'other', 'sub_labels_conf': 0.9997115731239319, 'id': 11}, {'box': [108.7314682006836, 127.8668212890625, 216.3589630126953, 242.39224243164062], 'conf': 0.6324875, 'label_id': 'person', 'sub_labels': 'other', 'sub_labels_conf': 0.9962449669837952, 'id': 17}]"
323,2024/5/22 Wednesday 0:1:7,"[{'box': [472.0340576171875, 193.9111328125, 45.918731689453125, 90.50724792480469], 'conf': 0.91655976, 'label_id': 'cell phone', 'sub_labels': 'other', 'sub_labels_conf': 0.8910382390022278, 'id': 1}, {'box': [539.7589721679688, 328.52099609375, 34.4744873046875, 50.272308349609375], 'conf': 0.8595539, 'label_id': 'mouse', 'sub_labels': 'other', 'sub_labels_conf': 0.8795738816261292, 'id': 2}, {'box': [408.87042236328125, 303.6507568359375, 207.93460083007812, 76.1898193359375], 'conf': 0.7316349, 'label_id': 'keyboard', 'sub_labels': 'not_human', 'sub_labels_conf': 0.999610960483551, 'id': 3}, {'box': [1030.9486083984375, 245.39785766601562, 65.14410400390625, 45.89715576171875], 'conf': 0.52218974, 'label_id': 'cup', 'sub_labels': 'other', 'sub_labels_conf': 0.999819815158844, 'id': 4}, {'box': [543.8588256835938, 61.73823928833008, 202.2161865234375, 121.37210845947266], 'conf': 0.53928417, 'label_id': 'tv', 'sub_labels': 'other', 'sub_labels_conf': 0.577682375907898, 'id': 5}, {'box': [429.48980712890625, 312.9892883300781, 333.8715515136719, 167.34710693359375], 'conf': 0.5930908, 'label_id': 'laptop', 'sub_labels': 'not_human', 'sub_labels_conf': 0.999998927116394, 'id': 6}, {'box': [230.32034301757812, 159.9986572265625, 64.23420715332031, 51.67840576171875], 'conf': 0.50019944, 'label_id': 'bottle', 'sub_labels': 'other', 'sub_labels_conf': 0.9997931122779846, 'id': 11}, {'box': [107.2618179321289, 127.4950942993164, 213.7100372314453, 244.1750946044922], 'conf': 0.7402322, 'label_id': 'person', 'sub_labels': 'other', 'sub_labels_conf': 0.9742665886878967, 'id': 17}]"
324,2024/5/22 Wednesday 0:1:7,"[{'box': [472.02734375, 193.90745544433594, 45.889129638671875, 90.48324584960938], 'conf': 0.9167877, 'label_id': 'cell phone', 'sub_labels': 'other', 'sub_labels_conf': 0.8910382390022278, 'id': 1}, {'box': [539.7599487304688, 328.51031494140625, 34.4498291015625, 50.2301025390625], 'conf': 0.85972035, 'label_id': 'mouse', 'sub_labels': 'other', 'sub_labels_conf': 0.8795738816261292, 'id': 2}, {'box': [408.8763732910156, 303.6585388183594, 207.90130615234375, 76.10845947265625], 'conf': 0.7308264, 'label_id': 'keyboard', 'sub_labels': 'not_human', 'sub_labels_conf': 0.9996036887168884, 'id': 3}, {'box': [1030.955810546875, 245.38015747070312, 65.2176513671875, 45.92405700683594], 'conf': 0.38792297, 'label_id': 'cup', 'sub_labels': 'other', 'sub_labels_conf': 0.999819815158844, 'id': 4}, {'box': [544.1991577148438, 61.78850173950195, 202.96804809570312, 121.60688018798828], 'conf': 0.51419973, 'label_id': 'tv', 'sub_labels': 'other', 'sub_labels_conf': 0.6582070589065552, 'id': 5}, {'box': [429.5421142578125, 312.87371826171875, 334.1219177246094, 167.48020935058594], 'conf': 0.5712501, 'label_id': 'laptop', 'sub_labels': 'not_human', 'sub_labels_conf': 0.999998927116394, 'id': 6}, {'box': [230.16513061523438, 160.07501220703125, 64.553466796875, 52.00184631347656], 'conf': 0.2532824, 'label_id': 'bottle', 'sub_labels': 'other', 'sub_labels_conf': 0.9995517134666443, 'id': 11}, {'box': [101.2995376586914, 127.87651062011719, 202.1566619873047, 243.39703369140625], 'conf': 0.5308046, 'label_id': 'person', 'sub_labels': 'other', 'sub_labels_conf': 0.9563047885894775, 'id': 17}]"
325,2024/5/22 Wednesday 0:1:8,"[{'box': [472.027099609375, 193.91729736328125, 45.864410400390625, 90.50236511230469], 'conf': 0.91775286, 'label_id': 'cell phone', 'sub_labels': 'other', 'sub_labels_conf': 0.8910382390022278, 'id': 1}, {'box': [539.76025390625, 328.4949951171875, 34.45098876953125, 50.18560791015625], 'conf': 0.86640733, 'label_id': 'mouse', 'sub_labels': 'other', 'sub_labels_conf': 0.8795738816261292, 'id': 2}, {'box': [408.84210205078125, 303.64093017578125, 207.98104858398438, 76.15151977539062], 'conf': 0.7396896, 'label_id': 'keyboard', 'sub_labels': 'not_human', 'sub_labels_conf': 0.9996036887168884, 'id': 3}, {'box': [1030.967529296875, 245.3766326904297, 65.192626953125, 45.961578369140625], 'conf': 0.44496456, 'label_id': 'cup', 'sub_labels': 'other', 'sub_labels_conf': 0.999819815158844, 'id': 4}, {'box': [544.1821899414062, 61.59374237060547, 202.78561401367188, 121.22821044921875], 'conf': 0.536307, 'label_id': 'tv', 'sub_labels': 'other', 'sub_labels_conf': 0.6582070589065552, 'id': 5}, {'box': [429.5698547363281, 312.5685729980469, 334.52117919921875, 168.2501220703125], 'conf': 0.6173703, 'label_id': 'laptop', 'sub_labels': 'not_human', 'sub_labels_conf': 0.9999979734420776, 'id': 6}, {'box': [230.26173400878906, 160.08648681640625, 64.35617065429688, 52.09349060058594], 'conf': 0.2263782, 'label_id': 'bottle', 'sub_labels': 'other', 'sub_labels_conf': 0.9995379447937012, 'id': 11}, {'box': [90.18846130371094, 130.3427734375, 179.69815063476562, 243.88714599609375], 'conf': 0.12418189, 'label_id': 'person', 'sub_labels': 'other', 'sub_labels_conf': 0.9740471243858337, 'id': 17}]"
326,2024/5/22 Wednesday 0:1:8,"[{'box': [472.03057861328125, 193.939697265625, 45.870147705078125, 90.52236938476562], 'conf': 0.9176198, 'label_id': 'cell phone', 'sub_labels': 'other', 'sub_labels_conf': 0.8910382390022278, 'id': 1}, {'box': [539.7752075195312, 328.5096435546875, 34.4510498046875, 50.18267822265625], 'conf': 0.87071687, 'label_id': 'mouse', 'sub_labels': 'other', 'sub_labels_conf': 0.8795738816261292, 'id': 2}, {'box': [408.8223876953125, 303.626220703125, 208.03042602539062, 76.14633178710938], 'conf': 0.75629145, 'label_id': 'keyboard', 'sub_labels': 'not_human', 'sub_labels_conf': 0.9995253086090088, 'id': 3}, {'box': [1030.964111328125, 245.3999481201172, 65.16815185546875, 45.956024169921875], 'conf': 0.44612965, 'label_id': 'cup', 'sub_labels': 'other', 'sub_labels_conf': 0.999819815158844, 'id': 4}, {'box': [544.0848999023438, 61.73860549926758, 202.54135131835938, 121.33380889892578], 'conf': 0.539241, 'label_id': 'tv', 'sub_labels': 'other', 'sub_labels_conf': 0.6592326760292053, 'id': 5}, {'box': [429.71002197265625, 312.6741943359375, 334.2450866699219, 168.00352478027344], 'conf': 0.6324306, 'label_id': 'laptop', 'sub_labels': 'not_human', 'sub_labels_conf': 0.9999979734420776, 'id': 6}, {'box': [230.06069946289062, 160.27169799804688, 64.50770568847656, 52.15840148925781], 'conf': 0.2644191, 'label_id': 'cup', 'sub_labels': 'other', 'sub_labels_conf': 0.9995379447937012, 'id': 11}]"
327,2024/5/22 Wednesday 0:1:8,"[{'box': [472.04705810546875, 193.9424591064453, 45.884735107421875, 90.53265380859375], 'conf': 0.91794074, 'label_id': 'cell phone', 'sub_labels': 'other', 'sub_labels_conf': 0.8910382390022278, 'id': 1}, {'box': [539.7860107421875, 328.51336669921875, 34.4425048828125, 50.171600341796875], 'conf': 0.8578536, 'label_id': 'mouse', 'sub_labels': 'other', 'sub_labels_conf': 0.8795738816261292, 'id': 2}, {'box': [408.80682373046875, 303.61456298828125, 208.0450439453125, 76.16152954101562], 'conf': 0.75256574, 'label_id': 'keyboard', 'sub_labels': 'not_human', 'sub_labels_conf': 0.9995253086090088, 'id': 3}, {'box': [1030.9700927734375, 245.40093994140625, 65.178466796875, 45.96275329589844], 'conf': 0.4318729, 'label_id': 'cup', 'sub_labels': 'other', 'sub_labels_conf': 0.999819815158844, 'id': 4}, {'box': [544.2333984375, 61.62354278564453, 202.90252685546875, 121.12815856933594], 'conf': 0.49415213, 'label_id': 'tv', 'sub_labels': 'other', 'sub_labels_conf': 0.6592326760292053, 'id': 5}, {'box': [429.63446044921875, 312.6417541503906, 334.4188537597656, 168.07269287109375], 'conf': 0.5975295, 'label_id': 'laptop', 'sub_labels': 'not_human', 'sub_labels_conf': 0.9999979734420776, 'id': 6}, {'box': [229.97305297851562, 160.27366638183594, 64.81005859375, 52.129730224609375], 'conf': 0.38508523, 'label_id': 'bottle', 'sub_labels': 'other', 'sub_labels_conf': 0.999742329120636, 'id': 11}]"
328,2024/5/22 Wednesday 0:1:8,"[{'box': [472.06939697265625, 193.96180725097656, 45.896820068359375, 90.56228637695312], 'conf': 0.9189877, 'label_id': 'cell phone', 'sub_labels': 'other', 'sub_labels_conf': 0.8910382390022278, 'id': 1}, {'box': [539.7950439453125, 328.53631591796875, 34.44732666015625, 50.176666259765625], 'conf': 0.85724443, 'label_id': 'mouse', 'sub_labels': 'other', 'sub_labels_conf': 0.8795738816261292, 'id': 2}, {'box': [408.8734130859375, 303.66131591796875, 208.01046752929688, 76.1759033203125], 'conf': 0.72359616, 'label_id': 'keyboard', 'sub_labels': 'not_human', 'sub_labels_conf': 0.9995253086090088, 'id': 3}, {'box': [1030.9425048828125, 245.419921875, 65.14471435546875, 45.92919921875], 'conf': 0.5016972, 'label_id': 'cup', 'sub_labels': 'other', 'sub_labels_conf': 0.999819815158844, 'id': 4}, {'box': [544.3579711914062, 61.848079681396484, 203.01248168945312, 121.52989959716797], 'conf': 0.52213913, 'label_id': 'tv', 'sub_labels': 'other', 'sub_labels_conf': 0.6592326760292053, 'id': 5}, {'box': [429.69573974609375, 312.9247131347656, 334.4902648925781, 167.6244354248047], 'conf': 0.61146593, 'label_id': 'laptop', 'sub_labels': 'not_human', 'sub_labels_conf': 0.999998927116394, 'id': 6}, {'box': [229.65919494628906, 160.06654357910156, 65.42343139648438, 51.89190673828125], 'conf': 0.39447793, 'label_id': 'bottle', 'sub_labels': 'other', 'sub_labels_conf': 0.9994823932647705, 'id': 11}]"
329,2024/5/22 Wednesday 0:1:8,"[{'box': [472.0889587402344, 194.0057830810547, 45.91033935546875, 90.5595703125], 'conf': 0.9191292, 'label_id': 'cell phone', 'sub_labels': 'other', 'sub_labels_conf': 0.897043764591217, 'id': 1}, {'box': [539.80517578125, 328.5874328613281, 34.42633056640625, 50.14068603515625], 'conf': 0.84050864, 'label_id': 'mouse', 'sub_labels': 'other', 'sub_labels_conf': 0.8795738816261292, 'id': 2}, {'box': [408.8839111328125, 303.7156677246094, 207.9715576171875, 76.0989990234375], 'conf': 0.7276076, 'label_id': 'keyboard', 'sub_labels': 'not_human', 'sub_labels_conf': 0.9996036887168884, 'id': 3}, {'box': [1030.9197998046875, 245.46243286132812, 65.12646484375, 45.91957092285156], 'conf': 0.48445335, 'label_id': 'cup', 'sub_labels': 'other', 'sub_labels_conf': 0.999819815158844, 'id': 4}, {'box': [544.27490234375, 61.79277801513672, 202.7467041015625, 121.29383850097656], 'conf': 0.52898794, 'label_id': 'tv', 'sub_labels': 'other', 'sub_labels_conf': 0.6592326760292053, 'id': 5}, {'box': [429.7064514160156, 313.1007385253906, 334.42987060546875, 167.33880615234375], 'conf': 0.55483836, 'label_id': 'laptop', 'sub_labels': 'not_human', 'sub_labels_conf': 0.9999994039535522, 'id': 6}, {'box': [229.62747192382812, 160.03765869140625, 65.51118469238281, 51.758270263671875], 'conf': 0.40453163, 'label_id': 'bottle', 'sub_labels': 'other', 'sub_labels_conf': 0.9994823932647705, 'id': 11}]"
330,2024/5/22 Wednesday 0:1:8,"[{'box': [472.0867919921875, 194.02487182617188, 45.917633056640625, 90.53987121582031], 'conf': 0.917227, 'label_id': 'cell phone', 'sub_labels': 'other', 'sub_labels_conf': 0.897043764591217, 'id': 1}, {'box': [539.8072509765625, 328.587890625, 34.42254638671875, 50.142608642578125], 'conf': 0.84652376, 'label_id': 'mouse', 'sub_labels': 'other', 'sub_labels_conf': 0.8795738816261292, 'id': 2}, {'box': [408.8624572753906, 303.7535705566406, 207.94757080078125, 75.98504638671875], 'conf': 0.7414065, 'label_id': 'keyboard', 'sub_labels': 'not_human', 'sub_labels_conf': 0.9987288117408752, 'id': 3}, {'box': [1030.9189453125, 245.45794677734375, 65.09613037109375, 45.91619873046875], 'conf': 0.49821964, 'label_id': 'cup', 'sub_labels': 'other', 'sub_labels_conf': 0.999819815158844, 'id': 4}, {'box': [544.161865234375, 61.68388366699219, 202.4852294921875, 121.00674438476562], 'conf': 0.5463408, 'label_id': 'tv', 'sub_labels': 'other', 'sub_labels_conf': 0.6592326760292053, 'id': 5}, {'box': [429.7148132324219, 312.90496826171875, 334.41693115234375, 167.56637573242188], 'conf': 0.56763923, 'label_id': 'laptop', 'sub_labels': 'not_human', 'sub_labels_conf': 0.999998927116394, 'id': 6}, {'box': [229.75540161132812, 160.1065673828125, 65.40362548828125, 52.34272766113281], 'conf': 0.42366725, 'label_id': 'bottle', 'sub_labels': 'other', 'sub_labels_conf': 0.999714195728302, 'id': 11}, {'box': [796.2039184570312, 330.9783020019531, 323.978271484375, 99.67327880859375], 'conf': 0.81222826, 'label_id': 'keyboard', 'sub_labels': 'not_human', 'sub_labels_conf': 0.9141078591346741, 'id': 18}]"
331,2024/5/22 Wednesday 0:1:8,"[{'box': [472.07806396484375, 194.01235961914062, 45.910919189453125, 90.53968811035156], 'conf': 0.9171444, 'label_id': 'cell phone', 'sub_labels': 'other', 'sub_labels_conf': 0.897043764591217, 'id': 1}, {'box': [539.811279296875, 328.58056640625, 34.42901611328125, 50.166168212890625], 'conf': 0.8429875, 'label_id': 'mouse', 'sub_labels': 'other', 'sub_labels_conf': 0.8795738816261292, 'id': 2}, {'box': [408.88189697265625, 303.7508544921875, 207.9095458984375, 75.98773193359375], 'conf': 0.7299907, 'label_id': 'keyboard', 'sub_labels': 'not_human', 'sub_labels_conf': 0.9987288117408752, 'id': 3}, {'box': [1030.9249267578125, 245.419677734375, 65.09014892578125, 45.90797424316406], 'conf': 0.5150482, 'label_id': 'cup', 'sub_labels': 'other', 'sub_labels_conf': 0.999819815158844, 'id': 4}, {'box': [544.2294921875, 61.82383346557617, 202.48065185546875, 121.29503631591797], 'conf': 0.5512954, 'label_id': 'tv', 'sub_labels': 'other', 'sub_labels_conf': 0.6531020998954773, 'id': 5}, {'box': [429.60845947265625, 312.57293701171875, 334.6936950683594, 167.9943389892578], 'conf': 0.5427969, 'label_id': 'laptop', 'sub_labels': 'not_human', 'sub_labels_conf': 0.999998927116394, 'id': 6}, {'box': [229.59320068359375, 159.86016845703125, 65.63792419433594, 53.0001220703125], 'conf': 0.5004855, 'label_id': 'bottle', 'sub_labels': 'other', 'sub_labels_conf': 0.9996974468231201, 'id': 11}, {'box': [794.3267822265625, 331.0167236328125, 325.968505859375, 101.45303344726562], 'conf': 0.71910125, 'label_id': 'keyboard', 'sub_labels': 'not_human', 'sub_labels_conf': 0.9705877304077148, 'id': 18}]"
332,2024/5/22 Wednesday 0:1:8,"[{'box': [472.0545654296875, 193.96267700195312, 45.89251708984375, 90.52651977539062], 'conf': 0.91761553, 'label_id': 'cell phone', 'sub_labels': 'other', 'sub_labels_conf': 0.8910382390022278, 'id': 1}, {'box': [539.7886962890625, 328.53265380859375, 34.44073486328125, 50.16473388671875], 'conf': 0.8433276, 'label_id': 'mouse', 'sub_labels': 'other', 'sub_labels_conf': 0.8795738816261292, 'id': 2}, {'box': [408.891845703125, 303.7158508300781, 207.9010009765625, 75.97955322265625], 'conf': 0.72361726, 'label_id': 'keyboard', 'sub_labels': 'not_human', 'sub_labels_conf': 0.9987288117408752, 'id': 3}, {'box': [1030.91943359375, 245.3895263671875, 65.08660888671875, 45.90162658691406], 'conf': 0.48532385, 'label_id': 'cup', 'sub_labels': 'other', 'sub_labels_conf': 0.999819815158844, 'id': 4}, {'box': [544.2721557617188, 61.908164978027344, 202.52294921875, 121.52777099609375], 'conf': 0.55955714, 'label_id': 'tv', 'sub_labels': 'other', 'sub_labels_conf': 0.6531020998954773, 'id': 5}, {'box': [429.677734375, 312.6398010253906, 334.6278076171875, 167.91526794433594], 'conf': 0.60205835, 'label_id': 'laptop', 'sub_labels': 'not_human', 'sub_labels_conf': 0.999998927116394, 'id': 6}, {'box': [229.32855224609375, 159.22348022460938, 65.95518493652344, 53.27351379394531], 'conf': 0.49668568, 'label_id': 'bottle', 'sub_labels': 'other', 'sub_labels_conf': 0.9996974468231201, 'id': 11}, {'box': [796.26953125, 331.5255126953125, 321.73577880859375, 101.94381713867188], 'conf': 0.66466445, 'label_id': 'keyboard', 'sub_labels': 'not_human', 'sub_labels_conf': 0.9846009612083435, 'id': 18}]"
333,2024/5/22 Wednesday 0:1:8,"[{'box': [472.0627746582031, 193.941162109375, 45.89715576171875, 90.5321044921875], 'conf': 0.9182626, 'label_id': 'cell phone', 'sub_labels': 'other', 'sub_labels_conf': 0.8910382390022278, 'id': 1}, {'box': [539.7952880859375, 328.5085144042969, 34.44989013671875, 50.12646484375], 'conf': 0.84974915, 'label_id': 'mouse', 'sub_labels': 'other', 'sub_labels_conf': 0.8795738816261292, 'id': 2}, {'box': [408.90350341796875, 303.69171142578125, 207.92074584960938, 76.034912109375], 'conf': 0.7227991, 'label_id': 'keyboard', 'sub_labels': 'not_human', 'sub_labels_conf': 0.9996036887168884, 'id': 3}, {'box': [1030.9080810546875, 245.36785888671875, 65.094970703125, 45.90797424316406], 'conf': 0.47390085, 'label_id': 'cup', 'sub_labels': 'other', 'sub_labels_conf': 0.999819815158844, 'id': 4}, {'box': [544.54541015625, 62.003971099853516, 202.96133422851562, 121.80510711669922], 'conf': 0.5480587, 'label_id': 'tv', 'sub_labels': 'not_human', 'sub_labels_conf': 0.5215250849723816, 'id': 5}, {'box': [429.63116455078125, 312.4854431152344, 334.5386657714844, 168.10667419433594], 'conf': 0.6012135, 'label_id': 'laptop', 'sub_labels': 'not_human', 'sub_labels_conf': 0.9999979734420776, 'id': 6}, {'box': [229.51654052734375, 159.2232666015625, 65.67852783203125, 53.91162109375], 'conf': 0.46086445, 'label_id': 'bottle', 'sub_labels': 'other', 'sub_labels_conf': 0.9996974468231201, 'id': 11}, {'box': [794.9620361328125, 331.4955139160156, 325.54547119140625, 102.647705078125], 'conf': 0.6718377, 'label_id': 'keyboard', 'sub_labels': 'not_human', 'sub_labels_conf': 0.9507105946540833, 'id': 18}]"
334,2024/5/22 Wednesday 0:1:8,"[{'box': [472.07000732421875, 193.9293212890625, 45.901580810546875, 90.53092956542969], 'conf': 0.9179473, 'label_id': 'cell phone', 'sub_labels': 'other', 'sub_labels_conf': 0.8910382390022278, 'id': 1}, {'box': [539.7957763671875, 328.50958251953125, 34.47247314453125, 50.168731689453125], 'conf': 0.8432561, 'label_id': 'mouse', 'sub_labels': 'other', 'sub_labels_conf': 0.8795738816261292, 'id': 2}, {'box': [408.97137451171875, 303.6982421875, 207.8541259765625, 76.109375], 'conf': 0.701887, 'label_id': 'keyboard', 'sub_labels': 'not_human', 'sub_labels_conf': 0.9996036887168884, 'id': 3}, {'box': [1030.90283203125, 245.35971069335938, 65.0941162109375, 45.90040588378906], 'conf': 0.45538852, 'label_id': 'cup', 'sub_labels': 'other', 'sub_labels_conf': 0.999819815158844, 'id': 4}, {'box': [544.7670288085938, 62.09123611450195, 203.35205078125, 122.0067367553711], 'conf': 0.54452515, 'label_id': 'tv', 'sub_labels': 'not_human', 'sub_labels_conf': 0.43102020025253296, 'id': 5}, {'box': [429.5946044921875, 312.3708190917969, 334.9031982421875, 168.24713134765625], 'conf': 0.5967597, 'label_id': 'laptop', 'sub_labels': 'not_human', 'sub_labels_conf': 0.9999979734420776, 'id': 6}, {'box': [229.653564453125, 159.1652069091797, 65.44383239746094, 53.422882080078125], 'conf': 0.3686321, 'label_id': 'bottle', 'sub_labels': 'other', 'sub_labels_conf': 0.9996974468231201, 'id': 11}, {'box': [796.1593017578125, 331.1879577636719, 323.97259521484375, 101.98486328125], 'conf': 0.5992653, 'label_id': 'keyboard', 'sub_labels': 'not_human', 'sub_labels_conf': 0.9382134675979614, 'id': 18}, {'box': [78.6291275024414, 133.07327270507812, 157.2582550048828, 254.2511444091797], 'conf': 0.53881156, 'label_id': 'person', 'sub_labels': 'other', 'sub_labels_conf': 0.9930944442749023, 'id': 17}]"
335,2024/5/22 Wednesday 0:1:8,"[{'box': [472.0779113769531, 193.93577575683594, 45.8846435546875, 90.546630859375], 'conf': 0.9162081, 'label_id': 'cell phone', 'sub_labels': 'other', 'sub_labels_conf': 0.8910382390022278, 'id': 1}, {'box': [539.8162841796875, 328.5216064453125, 34.4703369140625, 50.172119140625], 'conf': 0.8558288, 'label_id': 'mouse', 'sub_labels': 'other', 'sub_labels_conf': 0.8795738816261292, 'id': 2}, {'box': [408.94378662109375, 303.7376708984375, 207.88790893554688, 76.0963134765625], 'conf': 0.7202421, 'label_id': 'keyboard', 'sub_labels': 'not_human', 'sub_labels_conf': 0.9996036887168884, 'id': 3}, {'box': [1030.904541015625, 245.37149047851562, 65.1197509765625, 45.93031311035156], 'conf': 0.44984162, 'label_id': 'cup', 'sub_labels': 'other', 'sub_labels_conf': 0.999819815158844, 'id': 4}, {'box': [544.482421875, 61.863365173339844, 203.0421142578125, 121.45680236816406], 'conf': 0.48727965, 'label_id': 'tv', 'sub_labels': 'other', 'sub_labels_conf': 0.6531020998954773, 'id': 5}, {'box': [429.638671875, 312.27410888671875, 334.975341796875, 168.28280639648438], 'conf': 0.6028857, 'label_id': 'laptop', 'sub_labels': 'not_human', 'sub_labels_conf': 0.9999980926513672, 'id': 6}, {'box': [229.66217041015625, 159.1746826171875, 65.49317932128906, 53.20219421386719], 'conf': 0.35574278, 'label_id': 'bottle', 'sub_labels': 'other', 'sub_labels_conf': 0.9996974468231201, 'id': 11}, {'box': [798.0950927734375, 331.0341796875, 321.66357421875, 101.62179565429688], 'conf': 0.4745249, 'label_id': 'keyboard', 'sub_labels': 'not_human', 'sub_labels_conf': 0.7917222380638123, 'id': 18}, {'box': [72.26103973388672, 136.93946838378906, 144.3063201904297, 241.00845336914062], 'conf': 0.27555683, 'label_id': 'person', 'sub_labels': 'other', 'sub_labels_conf': 0.9313448071479797, 'id': 17}]"
336,2024/5/22 Wednesday 0:1:8,"[{'box': [472.0799560546875, 193.92501831054688, 45.841583251953125, 90.59217834472656], 'conf': 0.9144681, 'label_id': 'cell phone', 'sub_labels': 'other', 'sub_labels_conf': 0.8910382390022278, 'id': 1}, {'box': [539.8223266601562, 328.5555419921875, 34.4658203125, 50.185577392578125], 'conf': 0.84853184, 'label_id': 'mouse', 'sub_labels': 'other', 'sub_labels_conf': 0.8795738816261292, 'id': 2}, {'box': [408.98858642578125, 303.7540283203125, 207.85171508789062, 76.20437622070312], 'conf': 0.7003681, 'label_id': 'keyboard', 'sub_labels': 'not_human', 'sub_labels_conf': 0.9996036887168884, 'id': 3}, {'box': [1030.912109375, 245.3858184814453, 65.13507080078125, 45.944305419921875], 'conf': 0.47450688, 'label_id': 'cup', 'sub_labels': 'other', 'sub_labels_conf': 0.999819815158844, 'id': 4}, {'box': [544.341796875, 61.73397445678711, 202.8009033203125, 121.12848663330078], 'conf': 0.5013097, 'label_id': 'tv', 'sub_labels': 'other', 'sub_labels_conf': 0.6531020998954773, 'id': 5}, {'box': [429.671630859375, 312.3796691894531, 334.9787292480469, 167.8717803955078], 'conf': 0.55025566, 'label_id': 'laptop', 'sub_labels': 'not_human', 'sub_labels_conf': 0.999998927116394, 'id': 6}, {'box': [229.60162353515625, 159.21514892578125, 65.51313781738281, 53.18449401855469], 'conf': 0.3775436, 'label_id': 'bottle', 'sub_labels': 'other', 'sub_labels_conf': 0.9996694326400757, 'id': 11}, {'box': [802.4497680664062, 331.00360107421875, 313.2666015625, 100.88479614257812], 'conf': 0.5434162, 'label_id': 'keyboard', 'sub_labels': 'not_human', 'sub_labels_conf': 0.6406310200691223, 'id': 18}, {'box': [74.25359344482422, 131.135498046875, 148.0847625732422, 250.53582763671875], 'conf': 0.60671675, 'label_id': 'person', 'sub_labels': 'other', 'sub_labels_conf': 0.9805908799171448, 'id': 17}]"
337,2024/5/22 Wednesday 0:1:8,"[{'box': [472.08477783203125, 193.93966674804688, 45.82861328125, 90.60310363769531], 'conf': 0.9142893, 'label_id': 'cell phone', 'sub_labels': 'other', 'sub_labels_conf': 0.8910382390022278, 'id': 1}, {'box': [539.8344116210938, 328.57598876953125, 34.4549560546875, 50.175506591796875], 'conf': 0.8498747, 'label_id': 'mouse', 'sub_labels': 'other', 'sub_labels_conf': 0.8795738816261292, 'id': 2}, {'box': [409.0325927734375, 303.78314208984375, 207.81832885742188, 76.23501586914062], 'conf': 0.6900371, 'label_id': 'keyboard', 'sub_labels': 'not_human', 'sub_labels_conf': 0.9992830157279968, 'id': 3}, {'box': [1030.9111328125, 245.3857879638672, 65.1417236328125, 45.942962646484375], 'conf': 0.48334572, 'label_id': 'cup', 'sub_labels': 'other', 'sub_labels_conf': 0.999819815158844, 'id': 4}, {'box': [544.235107421875, 61.6386833190918, 202.57791137695312, 120.88391876220703], 'conf': 0.49294502, 'label_id': 'tv', 'sub_labels': 'other', 'sub_labels_conf': 0.6531020998954773, 'id': 5}, {'box': [429.66754150390625, 312.45556640625, 334.8215026855469, 167.58993530273438], 'conf': 0.5441222, 'label_id': 'laptop', 'sub_labels': 'not_human', 'sub_labels_conf': 0.999998927116394, 'id': 6}, {'box': [229.5217742919922, 159.20468139648438, 65.59231567382812, 53.21260070800781], 'conf': 0.3637969, 'label_id': 'bottle', 'sub_labels': 'other', 'sub_labels_conf': 0.9996694326400757, 'id': 11}, {'box': [765.3048095703125, 323.574462890625, 222.16571044921875, 84.24020385742188], 'conf': 0.5146276, 'label_id': 'keyboard', 'sub_labels': 'not_human', 'sub_labels_conf': 0.8774569630622864, 'id': 18}, {'box': [74.0628433227539, 128.8332977294922, 147.88307189941406, 251.55796813964844], 'conf': 0.7231727, 'label_id': 'person', 'sub_labels': 'other', 'sub_labels_conf': 0.9727884531021118, 'id': 17}]"
338,2024/5/22 Wednesday 0:1:8,"[{'box': [472.09954833984375, 193.96202087402344, 45.813323974609375, 90.5970458984375], 'conf': 0.9141584, 'label_id': 'cell phone', 'sub_labels': 'other', 'sub_labels_conf': 0.8910382390022278, 'id': 1}, {'box': [539.8570556640625, 328.59130859375, 34.45172119140625, 50.156097412109375], 'conf': 0.85075575, 'label_id': 'mouse', 'sub_labels': 'other', 'sub_labels_conf': 0.8795738816261292, 'id': 2}, {'box': [409.05767822265625, 303.8267517089844, 207.82015991210938, 76.24578857421875], 'conf': 0.6931026, 'label_id': 'keyboard', 'sub_labels': 'not_human', 'sub_labels_conf': 0.9992830157279968, 'id': 3}, {'box': [1030.907958984375, 245.38943481445312, 65.1416015625, 45.92988586425781], 'conf': 0.46708763, 'label_id': 'cup', 'sub_labels': 'other', 'sub_labels_conf': 0.999819815158844, 'id': 4}, {'box': [544.1265869140625, 61.60326385498047, 202.3514404296875, 120.71733093261719], 'conf': 0.4937072, 'label_id': 'tv', 'sub_labels': 'other', 'sub_labels_conf': 0.6531020998954773, 'id': 5}, {'box': [429.60675048828125, 312.33856201171875, 334.9400634765625, 167.70172119140625], 'conf': 0.5342597, 'label_id': 'laptop', 'sub_labels': 'not_human', 'sub_labels_conf': 0.999998927116394, 'id': 6}, {'box': [229.59317016601562, 159.17201232910156, 65.58067321777344, 53.275177001953125], 'conf': 0.32393378, 'label_id': 'bottle', 'sub_labels': 'other', 'sub_labels_conf': 0.999626874923706, 'id': 11}, {'box': [750.4221801757812, 320.8306884765625, 187.2568359375, 78.1976318359375], 'conf': 0.5136686, 'label_id': 'keyboard', 'sub_labels': 'not_human', 'sub_labels_conf': 0.9709268808364868, 'id': 18}, {'box': [72.3447265625, 127.75493621826172, 144.25592041015625, 250.78370666503906], 'conf': 0.697934, 'label_id': 'person', 'sub_labels': 'other', 'sub_labels_conf': 0.9550027847290039, 'id': 17}]"
339,2024/5/22 Wednesday 0:1:8,"[{'box': [472.1061706542969, 193.97494506835938, 45.82574462890625, 90.61024475097656], 'conf': 0.91413903, 'label_id': 'cell phone', 'sub_labels': 'other', 'sub_labels_conf': 0.8910382390022278, 'id': 1}, {'box': [539.8643798828125, 328.60137939453125, 34.45574951171875, 50.165130615234375], 'conf': 0.84816396, 'label_id': 'mouse', 'sub_labels': 'other', 'sub_labels_conf': 0.8795738816261292, 'id': 2}, {'box': [409.03143310546875, 303.836669921875, 207.84451293945312, 76.19662475585938], 'conf': 0.710188, 'label_id': 'keyboard', 'sub_labels': 'not_human', 'sub_labels_conf': 0.9992830157279968, 'id': 3}, {'box': [1030.91064453125, 245.392822265625, 65.11993408203125, 45.93017578125], 'conf': 0.49306878, 'label_id': 'cup', 'sub_labels': 'other', 'sub_labels_conf': 0.999819815158844, 'id': 4}, {'box': [543.9698486328125, 61.574485778808594, 201.96041870117188, 120.57704162597656], 'conf': 0.50201, 'label_id': 'tv', 'sub_labels': 'other', 'sub_labels_conf': 0.5751602053642273, 'id': 5}, {'box': [429.73046875, 312.49688720703125, 334.7805480957031, 167.46238708496094], 'conf': 0.5105611, 'label_id': 'laptop', 'sub_labels': 'not_human', 'sub_labels_conf': 0.999998927116394, 'id': 6}, {'box': [229.57342529296875, 159.170654296875, 65.58442687988281, 53.340850830078125], 'conf': 0.3058153, 'label_id': 'bottle', 'sub_labels': 'other', 'sub_labels_conf': 0.9996336698532104, 'id': 11}, {'box': [787.2064819335938, 328.2740478515625, 285.1434326171875, 94.35617065429688], 'conf': 0.6080903, 'label_id': 'keyboard', 'sub_labels': 'not_human', 'sub_labels_conf': 0.9198552370071411, 'id': 18}, {'box': [70.46870422363281, 127.30180358886719, 140.428466796875, 250.60794067382812], 'conf': 0.57684475, 'label_id': 'person', 'sub_labels': 'other', 'sub_labels_conf': 0.984107494354248, 'id': 17}]"
340,2024/5/22 Wednesday 0:1:8,"[{'box': [472.1495666503906, 194.03030395507812, 45.93170166015625, 90.58406066894531], 'conf': 0.9127771, 'label_id': 'cell phone', 'sub_labels': 'other', 'sub_labels_conf': 0.8920879364013672, 'id': 1}, {'box': [539.8703002929688, 328.6139831542969, 34.4593505859375, 50.186279296875], 'conf': 0.84340304, 'label_id': 'mouse', 'sub_labels': 'other', 'sub_labels_conf': 0.8795738816261292, 'id': 2}, {'box': [409.0712890625, 303.88946533203125, 207.79745483398438, 76.15017700195312], 'conf': 0.6876622, 'label_id': 'keyboard', 'sub_labels': 'not_human', 'sub_labels_conf': 0.9992571473121643, 'id': 3}, {'box': [1030.9398193359375, 245.39764404296875, 65.11346435546875, 45.96434020996094], 'conf': 0.43517634, 'label_id': 'cup', 'sub_labels': 'other', 'sub_labels_conf': 0.9998124241828918, 'id': 4}, {'box': [543.9424438476562, 61.54513168334961, 201.872802734375, 120.47258758544922], 'conf': 0.5196689, 'label_id': 'tv', 'sub_labels': 'other', 'sub_labels_conf': 0.5697026252746582, 'id': 5}, {'box': [429.630859375, 312.6023254394531, 334.8604431152344, 167.18128967285156], 'conf': 0.49546847, 'label_id': 'laptop', 'sub_labels': 'not_human', 'sub_labels_conf': 0.999998927116394, 'id': 6}, {'box': [229.46701049804688, 159.090576171875, 65.73295593261719, 53.63287353515625], 'conf': 0.334753, 'label_id': 'bottle', 'sub_labels': 'other', 'sub_labels_conf': 0.9996479749679565, 'id': 11}, {'box': [793.3990478515625, 329.800537109375, 311.81982421875, 98.7650146484375], 'conf': 0.67147845, 'label_id': 'keyboard', 'sub_labels': 'not_human', 'sub_labels_conf': 0.7462900280952454, 'id': 18}, {'box': [69.033203125, 127.79156494140625, 137.44769287109375, 251.17782592773438], 'conf': 0.25672087, 'label_id': 'person', 'sub_labels': 'other', 'sub_labels_conf': 0.8419080972671509, 'id': 17}]"
341,2024/5/22 Wednesday 0:1:8,"[{'box': [472.15911865234375, 194.04074096679688, 45.973052978515625, 90.58436584472656], 'conf': 0.91328347, 'label_id': 'cell phone', 'sub_labels': 'other', 'sub_labels_conf': 0.8920879364013672, 'id': 1}, {'box': [539.8655395507812, 328.6260070800781, 34.4554443359375, 50.200927734375], 'conf': 0.8370429, 'label_id': 'mouse', 'sub_labels': 'other', 'sub_labels_conf': 0.8795738816261292, 'id': 2}, {'box': [409.088623046875, 303.89935302734375, 207.74533081054688, 76.17855834960938], 'conf': 0.67802525, 'label_id': 'keyboard', 'sub_labels': 'not_human', 'sub_labels_conf': 0.9992571473121643, 'id': 3}, {'box': [1030.95166015625, 245.40020751953125, 65.1087646484375, 45.977294921875], 'conf': 0.45803666, 'label_id': 'cup', 'sub_labels': 'other', 'sub_labels_conf': 0.9998124241828918, 'id': 4}, {'box': [543.97216796875, 61.52423858642578, 201.8685302734375, 120.45597839355469], 'conf': 0.50833154, 'label_id': 'tv', 'sub_labels': 'other', 'sub_labels_conf': 0.5697026252746582, 'id': 5}, {'box': [429.63763427734375, 312.64886474609375, 334.7261962890625, 167.12857055664062], 'conf': 0.51823235, 'label_id': 'laptop', 'sub_labels': 'not_human', 'sub_labels_conf': 0.999998927116394, 'id': 6}, {'box': [229.56130981445312, 158.90997314453125, 65.68180847167969, 53.516204833984375], 'conf': 0.33468404, 'label_id': 'bottle', 'sub_labels': 'other', 'sub_labels_conf': 0.9994714856147766, 'id': 11}, {'box': [797.036865234375, 331.1034851074219, 321.8651123046875, 101.0899658203125], 'conf': 0.66850597, 'label_id': 'keyboard', 'sub_labels': 'not_human', 'sub_labels_conf': 0.9163654446601868, 'id': 18}, {'box': [66.42880249023438, 127.5818099975586, 132.39169311523438, 249.54502868652344], 'conf': 0.1140627, 'label_id': 'person', 'sub_labels': 'other', 'sub_labels_conf': 0.8761091232299805, 'id': 17}]"
342,2024/5/22 Wednesday 0:1:8,"[{'box': [472.15765380859375, 194.03536987304688, 45.98980712890625, 90.58912658691406], 'conf': 0.9136394, 'label_id': 'cell phone', 'sub_labels': 'other', 'sub_labels_conf': 0.8920879364013672, 'id': 1}, {'box': [539.85400390625, 328.63092041015625, 34.4505615234375, 50.206329345703125], 'conf': 0.83155906, 'label_id': 'mouse', 'sub_labels': 'other', 'sub_labels_conf': 0.8795738816261292, 'id': 2}, {'box': [409.13970947265625, 303.88897705078125, 207.6435546875, 76.25509643554688], 'conf': 0.6574105, 'label_id': 'keyboard', 'sub_labels': 'not_human', 'sub_labels_conf': 0.9992571473121643, 'id': 3}, {'box': [1030.9609375, 245.416748046875, 65.1136474609375, 45.97991943359375], 'conf': 0.4514648, 'label_id': 'cup', 'sub_labels': 'other', 'sub_labels_conf': 0.9998124241828918, 'id': 4}, {'box': [544.07421875, 61.53961944580078, 202.12356567382812, 120.55752563476562], 'conf': 0.4890354, 'label_id': 'tv', 'sub_labels': 'other', 'sub_labels_conf': 0.6511820554733276, 'id': 5}, {'box': [429.7056579589844, 312.66717529296875, 334.67730712890625, 167.13450622558594], 'conf': 0.5463136, 'label_id': 'laptop', 'sub_labels': 'not_human', 'sub_labels_conf': 0.999998927116394, 'id': 6}, {'box': [229.50157165527344, 158.84518432617188, 65.82186889648438, 53.4747314453125], 'conf': 0.37694046, 'label_id': 'bottle', 'sub_labels': 'other', 'sub_labels_conf': 0.9994714856147766, 'id': 11}, {'box': [797.6085815429688, 330.96826171875, 326.7415771484375, 101.36593627929688], 'conf': 0.64309925, 'label_id': 'keyboard', 'sub_labels': 'not_human', 'sub_labels_conf': 0.9215428233146667, 'id': 18}, {'box': [63.89225387573242, 127.24870300292969, 127.33818817138672, 247.39443969726562], 'conf': 0.21105039, 'label_id': 'person', 'sub_labels': 'other', 'sub_labels_conf': 0.9053826928138733, 'id': 17}]"
343,2024/5/22 Wednesday 0:1:8,"[{'box': [472.15997314453125, 194.041259765625, 45.980865478515625, 90.57699584960938], 'conf': 0.91363645, 'label_id': 'cell phone', 'sub_labels': 'other', 'sub_labels_conf': 0.8920879364013672, 'id': 1}, {'box': [539.859619140625, 328.61004638671875, 34.4383544921875, 50.129180908203125], 'conf': 0.8389395, 'label_id': 'mouse', 'sub_labels': 'other', 'sub_labels_conf': 0.8795738816261292, 'id': 2}, {'box': [409.10211181640625, 303.86346435546875, 207.654296875, 76.18411254882812], 'conf': 0.68231624, 'label_id': 'keyboard', 'sub_labels': 'not_human', 'sub_labels_conf': 0.9992571473121643, 'id': 3}, {'box': [1030.9520263671875, 245.41705322265625, 65.10064697265625, 45.96464538574219], 'conf': 0.43275973, 'label_id': 'cup', 'sub_labels': 'other', 'sub_labels_conf': 0.9998124241828918, 'id': 4}, {'box': [544.1426391601562, 61.60630798339844, 202.36172485351562, 120.75013732910156], 'conf': 0.47380942, 'label_id': 'tv', 'sub_labels': 'other', 'sub_labels_conf': 0.6731785535812378, 'id': 5}, {'box': [429.78289794921875, 312.9310302734375, 334.4205627441406, 166.75709533691406], 'conf': 0.5293772, 'label_id': 'laptop', 'sub_labels': 'not_human', 'sub_labels_conf': 0.9999988079071045, 'id': 6}, {'box': [229.5235595703125, 158.95806884765625, 65.51368713378906, 53.47538757324219], 'conf': 0.36643162, 'label_id': 'bottle', 'sub_labels': 'other', 'sub_labels_conf': 0.9994229078292847, 'id': 11}, {'box': [797.9398193359375, 330.95086669921875, 327.2044677734375, 101.58053588867188], 'conf': 0.6652292, 'label_id': 'keyboard', 'sub_labels': 'not_human', 'sub_labels_conf': 0.8850618004798889, 'id': 18}, {'box': [62.80404281616211, 126.274658203125, 125.05472564697266, 246.99176025390625], 'conf': 0.2113929, 'label_id': 'person', 'sub_labels': 'other', 'sub_labels_conf': 0.8921038508415222, 'id': 17}]"
344,2024/5/22 Wednesday 0:1:8,"[{'box': [472.1926574707031, 194.1409454345703, 46.0072021484375, 90.39501953125], 'conf': 0.91395074, 'label_id': 'cell phone', 'sub_labels': 'other', 'sub_labels_conf': 0.9157114028930664, 'id': 1}, {'box': [539.864501953125, 328.5894775390625, 34.44677734375, 50.138702392578125], 'conf': 0.8442442, 'label_id': 'mouse', 'sub_labels': 'other', 'sub_labels_conf': 0.8795738816261292, 'id': 2}, {'box': [409.0816650390625, 303.83050537109375, 207.712890625, 76.19198608398438], 'conf': 0.6917972, 'label_id': 'keyboard', 'sub_labels': 'not_human', 'sub_labels_conf': 0.9992571473121643, 'id': 3}, {'box': [1030.949462890625, 245.43243408203125, 65.1068115234375, 45.96397399902344], 'conf': 0.44900742, 'label_id': 'cup', 'sub_labels': 'other', 'sub_labels_conf': 0.9998124241828918, 'id': 4}, {'box': [544.0869140625, 61.58939743041992, 202.19775390625, 120.67584991455078], 'conf': 0.48032472, 'label_id': 'tv', 'sub_labels': 'other', 'sub_labels_conf': 0.6731785535812378, 'id': 5}, {'box': [429.84600830078125, 313.0559997558594, 334.2942199707031, 166.6042938232422], 'conf': 0.50473547, 'label_id': 'laptop', 'sub_labels': 'not_human', 'sub_labels_conf': 0.9999994039535522, 'id': 6}, {'box': [229.7334747314453, 159.09909057617188, 65.10464477539062, 53.31120300292969], 'conf': 0.3154569, 'label_id': 'bottle', 'sub_labels': 'other', 'sub_labels_conf': 0.9996178150177002, 'id': 11}, {'box': [799.0067749023438, 331.42474365234375, 325.285400390625, 102.40570068359375], 'conf': 0.7345549, 'label_id': 'keyboard', 'sub_labels': 'not_human', 'sub_labels_conf': 0.8970339894294739, 'id': 18}, {'box': [62.820030212402344, 125.445068359375, 125.00529479980469, 245.65994262695312], 'conf': 0.18171822, 'label_id': 'person', 'sub_labels': 'other', 'sub_labels_conf': 0.9486141204833984, 'id': 17}]"
345,2024/5/22 Wednesday 0:1:8,"[{'box': [472.2109375, 194.19100952148438, 46.014984130859375, 90.27540588378906], 'conf': 0.91167957, 'label_id': 'cell phone', 'sub_labels': 'other', 'sub_labels_conf': 0.9157114028930664, 'id': 1}, {'box': [539.876220703125, 328.5569763183594, 34.45648193359375, 50.15191650390625], 'conf': 0.84143114, 'label_id': 'mouse', 'sub_labels': 'other', 'sub_labels_conf': 0.8795738816261292, 'id': 2}, {'box': [409.09619140625, 303.80029296875, 207.744140625, 76.23458862304688], 'conf': 0.68921685, 'label_id': 'keyboard', 'sub_labels': 'not_human', 'sub_labels_conf': 0.9992571473121643, 'id': 3}, {'box': [1030.9598388671875, 245.40814208984375, 65.10906982421875, 45.96318054199219], 'conf': 0.45245326, 'label_id': 'cup', 'sub_labels': 'other', 'sub_labels_conf': 0.9998124241828918, 'id': 4}, {'box': [544.0877685546875, 61.538719177246094, 202.25628662109375, 120.61175537109375], 'conf': 0.47874635, 'label_id': 'tv', 'sub_labels': 'other', 'sub_labels_conf': 0.6731785535812378, 'id': 5}, {'box': [429.95843505859375, 313.12872314453125, 334.1558837890625, 166.46005249023438], 'conf': 0.5463067, 'label_id': 'laptop', 'sub_labels': 'not_human', 'sub_labels_conf': 0.9999994039535522, 'id': 6}, {'box': [229.82177734375, 159.24412536621094, 64.93634033203125, 53.06842041015625], 'conf': 0.30730397, 'label_id': 'bottle', 'sub_labels': 'other', 'sub_labels_conf': 0.9996324777603149, 'id': 11}, {'box': [799.5472412109375, 331.4172058105469, 323.5411376953125, 102.6248779296875], 'conf': 0.6411208, 'label_id': 'keyboard', 'sub_labels': 'not_human', 'sub_labels_conf': 0.7394877076148987, 'id': 18}, {'box': [62.65555191040039, 125.68807983398438, 124.62419891357422, 244.97357177734375], 'conf': 0.170855, 'label_id': 'person', 'sub_labels': 'other', 'sub_labels_conf': 0.9157980680465698, 'id': 17}]"
346,2024/5/22 Wednesday 0:1:8,"[{'box': [472.2025146484375, 194.14280700683594, 46.004058837890625, 90.36102294921875], 'conf': 0.9142409, 'label_id': 'cell phone', 'sub_labels': 'other', 'sub_labels_conf': 0.9131410717964172, 'id': 1}, {'box': [539.8904418945312, 328.5521240234375, 34.442626953125, 50.114166259765625], 'conf': 0.8345887, 'label_id': 'mouse', 'sub_labels': 'other', 'sub_labels_conf': 0.8795738816261292, 'id': 2}, {'box': [409.120849609375, 303.78753662109375, 207.71182250976562, 76.22329711914062], 'conf': 0.6885205, 'label_id': 'keyboard', 'sub_labels': 'not_human', 'sub_labels_conf': 0.9992571473121643, 'id': 3}, {'box': [1030.9747314453125, 245.39242553710938, 65.10760498046875, 45.94563293457031], 'conf': 0.4569857, 'label_id': 'cup', 'sub_labels': 'other', 'sub_labels_conf': 0.9998124241828918, 'id': 4}, {'box': [544.052001953125, 61.533958435058594, 202.20474243164062, 120.60110473632812], 'conf': 0.46666288, 'label_id': 'tv', 'sub_labels': 'other', 'sub_labels_conf': 0.6731785535812378, 'id': 5}, {'box': [429.9728088378906, 313.07769775390625, 334.26031494140625, 166.55014038085938], 'conf': 0.4792824, 'label_id': 'laptop', 'sub_labels': 'not_human', 'sub_labels_conf': 0.9999994039535522, 'id': 6}, {'box': [229.74090576171875, 159.15057373046875, 65.03535461425781, 53.10813903808594], 'conf': 0.37130946, 'label_id': 'bottle', 'sub_labels': 'other', 'sub_labels_conf': 0.9996428489685059, 'id': 11}, {'box': [800.228759765625, 331.44976806640625, 321.5159912109375, 102.50765991210938], 'conf': 0.6656739, 'label_id': 'keyboard', 'sub_labels': 'not_human', 'sub_labels_conf': 0.9229636192321777, 'id': 18}, {'box': [62.435264587402344, 124.44889068603516, 124.0113525390625, 245.7517547607422], 'conf': 0.2493152, 'label_id': 'person', 'sub_labels': 'other', 'sub_labels_conf': 0.9313077330589294, 'id': 17}]"
347,2024/5/22 Wednesday 0:1:8,"[{'box': [472.2092590332031, 194.12911987304688, 46.01123046875, 90.41932678222656], 'conf': 0.914102, 'label_id': 'cell phone', 'sub_labels': 'other', 'sub_labels_conf': 0.9131410717964172, 'id': 1}, {'box': [539.9035034179688, 328.542724609375, 34.4493408203125, 50.1424560546875], 'conf': 0.83447224, 'label_id': 'mouse', 'sub_labels': 'other', 'sub_labels_conf': 0.8795738816261292, 'id': 2}, {'box': [409.1184997558594, 303.78045654296875, 207.74139404296875, 76.21578979492188], 'conf': 0.6940743, 'label_id': 'keyboard', 'sub_labels': 'not_human', 'sub_labels_conf': 0.9992571473121643, 'id': 3}, {'box': [1030.976806640625, 245.38050842285156, 65.10882568359375, 45.953155517578125], 'conf': 0.45546564, 'label_id': 'cup', 'sub_labels': 'other', 'sub_labels_conf': 0.9998124241828918, 'id': 4}, {'box': [543.9419555664062, 61.462100982666016, 201.90170288085938, 120.4075698852539], 'conf': 0.4739094, 'label_id': 'tv', 'sub_labels': 'other', 'sub_labels_conf': 0.5912225842475891, 'id': 5}, {'box': [430.0015563964844, 313.2043151855469, 334.20281982421875, 166.2216033935547], 'conf': 0.45396104, 'label_id': 'laptop', 'sub_labels': 'not_human', 'sub_labels_conf': 0.9999991655349731, 'id': 6}, {'box': [229.73806762695312, 159.17742919921875, 65.27546691894531, 52.62681579589844], 'conf': 0.25426558, 'label_id': 'bottle', 'sub_labels': 'other', 'sub_labels_conf': 0.9996428489685059, 'id': 11}, {'box': [800.1468505859375, 331.564697265625, 320.912109375, 102.43716430664062], 'conf': 0.66305137, 'label_id': 'keyboard', 'sub_labels': 'not_human', 'sub_labels_conf': 0.7559731602668762, 'id': 18}, {'box': [62.17304992675781, 123.59761810302734, 123.39906311035156, 246.27024841308594], 'conf': 0.1981366, 'label_id': 'person', 'sub_labels': 'other', 'sub_labels_conf': 0.8762000799179077, 'id': 17}]"
348,2024/5/22 Wednesday 0:1:8,"[{'box': [472.2076110839844, 194.12994384765625, 46.0020751953125, 90.4193115234375], 'conf': 0.914096, 'label_id': 'cell phone', 'sub_labels': 'other', 'sub_labels_conf': 0.9131410717964172, 'id': 1}, {'box': [539.90380859375, 328.54693603515625, 34.45623779296875, 50.17913818359375], 'conf': 0.83020145, 'label_id': 'mouse', 'sub_labels': 'other', 'sub_labels_conf': 0.8795738816261292, 'id': 2}, {'box': [409.0992431640625, 303.7672424316406, 207.7884521484375, 76.22857666015625], 'conf': 0.7055205, 'label_id': 'keyboard', 'sub_labels': 'not_human', 'sub_labels_conf': 0.9992571473121643, 'id': 3}, {'box': [1030.9749755859375, 245.3748779296875, 65.12542724609375, 45.96961975097656], 'conf': 0.44193926, 'label_id': 'cup', 'sub_labels': 'other', 'sub_labels_conf': 0.9998124241828918, 'id': 4}, {'box': [543.98876953125, 61.46385192871094, 201.97061157226562, 120.4102783203125], 'conf': 0.47630364, 'label_id': 'tv', 'sub_labels': 'other', 'sub_labels_conf': 0.5912225842475891, 'id': 5}, {'box': [430.046630859375, 313.3099365234375, 334.1596374511719, 165.9878387451172], 'conf': 0.46454743, 'label_id': 'laptop', 'sub_labels': 'not_human', 'sub_labels_conf': 0.9999990463256836, 'id': 6}, {'box': [229.8006591796875, 159.34071350097656, 64.93449401855469, 52.566864013671875], 'conf': 0.31699705, 'label_id': 'bottle', 'sub_labels': 'other', 'sub_labels_conf': 0.9996365308761597, 'id': 11}, {'box': [800.3082885742188, 331.4147033691406, 320.2489013671875, 102.30743408203125], 'conf': 0.5195873, 'label_id': 'keyboard', 'sub_labels': 'not_human', 'sub_labels_conf': 0.8641403913497925, 'id': 18}, {'box': [64.14395904541016, 123.62178802490234, 127.2408218383789, 247.0742645263672], 'conf': 0.40056148, 'label_id': 'person', 'sub_labels': 'other', 'sub_labels_conf': 0.7424190044403076, 'id': 17}]"
349,2024/5/22 Wednesday 0:1:8,"[{'box': [472.2093505859375, 194.12313842773438, 45.987701416015625, 90.42205810546875], 'conf': 0.91346085, 'label_id': 'cell phone', 'sub_labels': 'other', 'sub_labels_conf': 0.8902141451835632, 'id': 1}, {'box': [539.9068603515625, 328.54205322265625, 34.47332763671875, 50.21435546875], 'conf': 0.83542717, 'label_id': 'mouse', 'sub_labels': 'other', 'sub_labels_conf': 0.8795738816261292, 'id': 2}, {'box': [409.1054992675781, 303.7583312988281, 207.81951904296875, 76.2640380859375], 'conf': 0.69827205, 'label_id': 'keyboard', 'sub_labels': 'not_human', 'sub_labels_conf': 0.9992571473121643, 'id': 3}, {'box': [1030.9595947265625, 245.38027954101562, 65.12158203125, 45.97430419921875], 'conf': 0.45432344, 'label_id': 'cup', 'sub_labels': 'other', 'sub_labels_conf': 0.9998124241828918, 'id': 4}, {'box': [544.0199584960938, 61.483909606933594, 202.06399536132812, 120.47177124023438], 'conf': 0.46242684, 'label_id': 'tv', 'sub_labels': 'other', 'sub_labels_conf': 0.6731785535812378, 'id': 5}, {'box': [429.9751892089844, 313.12017822265625, 334.37860107421875, 166.2710723876953], 'conf': 0.49684465, 'label_id': 'laptop', 'sub_labels': 'not_human', 'sub_labels_conf': 0.9999994039535522, 'id': 6}, {'box': [229.8360595703125, 159.4140625, 64.7125244140625, 52.49037170410156], 'conf': 0.35936904, 'label_id': 'bottle', 'sub_labels': 'other', 'sub_labels_conf': 0.9996365308761597, 'id': 11}, {'box': [798.31884765625, 331.4698486328125, 323.3804931640625, 102.560546875], 'conf': 0.7863427, 'label_id': 'keyboard', 'sub_labels': 'not_human', 'sub_labels_conf': 0.7460761070251465, 'id': 18}, {'box': [66.0365219116211, 123.10437774658203, 130.94371032714844, 246.20875549316406], 'conf': 0.29363912, 'label_id': 'person', 'sub_labels': 'other', 'sub_labels_conf': 0.9394869804382324, 'id': 17}]"
350,2024/5/22 Wednesday 0:1:9,"[{'box': [472.2071838378906, 194.12049865722656, 45.9840087890625, 90.42788696289062], 'conf': 0.9136115, 'label_id': 'cell phone', 'sub_labels': 'other', 'sub_labels_conf': 0.8902141451835632, 'id': 1}, {'box': [539.9073486328125, 328.537353515625, 34.47076416015625, 50.2142333984375], 'conf': 0.8347278, 'label_id': 'mouse', 'sub_labels': 'other', 'sub_labels_conf': 0.8795738816261292, 'id': 2}, {'box': [409.09576416015625, 303.75921630859375, 207.8321533203125, 76.26077270507812], 'conf': 0.70011616, 'label_id': 'keyboard', 'sub_labels': 'not_human', 'sub_labels_conf': 0.9992571473121643, 'id': 3}, {'box': [1030.9552001953125, 245.38720703125, 65.096435546875, 45.97203063964844], 'conf': 0.45376116, 'label_id': 'cup', 'sub_labels': 'other', 'sub_labels_conf': 0.9998124241828918, 'id': 4}, {'box': [543.861083984375, 61.45481491088867, 201.80877685546875, 120.3656997680664], 'conf': 0.4613733, 'label_id': 'tv', 'sub_labels': 'other', 'sub_labels_conf': 0.5912225842475891, 'id': 5}, {'box': [429.8747253417969, 312.92108154296875, 334.60919189453125, 166.47860717773438], 'conf': 0.47024393, 'label_id': 'laptop', 'sub_labels': 'not_human', 'sub_labels_conf': 0.999998927116394, 'id': 6}, {'box': [229.86447143554688, 159.44384765625, 64.69439697265625, 52.49177551269531], 'conf': 0.3330564, 'label_id': 'bottle', 'sub_labels': 'other', 'sub_labels_conf': 0.9996365308761597, 'id': 11}, {'box': [795.764404296875, 331.0980224609375, 328.1357421875, 103.11849975585938], 'conf': 0.7653673, 'label_id': 'keyboard', 'sub_labels': 'not_human', 'sub_labels_conf': 0.9669157266616821, 'id': 18}, {'box': [67.06790924072266, 123.44967651367188, 132.9687042236328, 246.89935302734375], 'conf': 0.39070708, 'label_id': 'person', 'sub_labels': 'other', 'sub_labels_conf': 0.949474573135376, 'id': 17}]"
351,2024/5/22 Wednesday 0:1:9,"[{'box': [472.19970703125, 194.13258361816406, 45.96429443359375, 90.40786743164062], 'conf': 0.9138124, 'label_id': 'cell phone', 'sub_labels': 'other', 'sub_labels_conf': 0.8902141451835632, 'id': 1}, {'box': [539.905517578125, 328.53009033203125, 34.49267578125, 50.252777099609375], 'conf': 0.84284824, 'label_id': 'mouse', 'sub_labels': 'other', 'sub_labels_conf': 0.8795738816261292, 'id': 2}, {'box': [409.08135986328125, 303.712890625, 207.860595703125, 76.33953857421875], 'conf': 0.7111479, 'label_id': 'keyboard', 'sub_labels': 'not_human', 'sub_labels_conf': 0.9992571473121643, 'id': 3}, {'box': [1031.0557861328125, 245.36993408203125, 65.29937744140625, 46.00384521484375], 'conf': 0.1092103, 'label_id': 'cup', 'sub_labels': 'other', 'sub_labels_conf': 0.9997552037239075, 'id': 4}, {'box': [544.0914916992188, 61.395660400390625, 202.4158935546875, 120.32156372070312], 'conf': 0.45548296, 'label_id': 'tv', 'sub_labels': 'other', 'sub_labels_conf': 0.6733457446098328, 'id': 5}, {'box': [429.8035888671875, 312.9639587402344, 334.3516845703125, 166.5314178466797], 'conf': 0.5426207, 'label_id': 'laptop', 'sub_labels': 'not_human', 'sub_labels_conf': 0.999998927116394, 'id': 6}, {'box': [230.03982543945312, 159.3882293701172, 64.26344299316406, 52.4022216796875], 'conf': 0.4248028, 'label_id': 'bottle', 'sub_labels': 'other', 'sub_labels_conf': 0.9994888305664062, 'id': 11}, {'box': [799.0023193359375, 329.8521728515625, 321.466796875, 99.47634887695312], 'conf': 0.31884968, 'label_id': 'keyboard', 'sub_labels': 'not_human', 'sub_labels_conf': 0.895471453666687, 'id': 18}, {'box': [68.61604309082031, 122.97872924804688, 136.15267944335938, 245.28591918945312], 'conf': 0.34621704, 'label_id': 'person', 'sub_labels': 'other', 'sub_labels_conf': 0.888888955116272, 'id': 17}]"
352,2024/5/22 Wednesday 0:1:9,"[{'box': [472.2034912109375, 194.14247131347656, 45.983367919921875, 90.42489624023438], 'conf': 0.91425043, 'label_id': 'cell phone', 'sub_labels': 'other', 'sub_labels_conf': 0.8902141451835632, 'id': 1}, {'box': [539.9088134765625, 328.5433654785156, 34.50872802734375, 50.25665283203125], 'conf': 0.838108, 'label_id': 'mouse', 'sub_labels': 'other', 'sub_labels_conf': 0.8795738816261292, 'id': 2}, {'box': [409.12060546875, 303.71044921875, 207.827880859375, 76.363037109375], 'conf': 0.6927119, 'label_id': 'keyboard', 'sub_labels': 'not_human', 'sub_labels_conf': 0.9992571473121643, 'id': 3}, {'box': [1030.9686279296875, 245.37591552734375, 65.229248046875, 45.93815612792969], 'conf': 0.40076676, 'label_id': 'cup', 'sub_labels': 'other', 'sub_labels_conf': 0.9998182654380798, 'id': 4}, {'box': [544.314208984375, 61.22913360595703, 202.81561279296875, 120.01712036132812], 'conf': 0.44168022, 'label_id': 'tv', 'sub_labels': 'other', 'sub_labels_conf': 0.6733457446098328, 'id': 5}, {'box': [429.81805419921875, 312.96514892578125, 334.2146301269531, 166.58287048339844], 'conf': 0.6043669, 'label_id': 'laptop', 'sub_labels': 'not_human', 'sub_labels_conf': 0.999998927116394, 'id': 6}, {'box': [230.14395141601562, 159.39024353027344, 63.96174621582031, 52.347198486328125], 'conf': 0.37953293, 'label_id': 'bottle', 'sub_labels': 'other', 'sub_labels_conf': 0.9993846416473389, 'id': 11}, {'box': [802.4119873046875, 327.278076171875, 319.89593505859375, 94.26004028320312], 'conf': 0.15280506, 'label_id': 'keyboard', 'sub_labels': 'not_human', 'sub_labels_conf': 0.9824106693267822, 'id': 18}, {'box': [70.00628662109375, 122.36800384521484, 139.04702758789062, 242.7632293701172], 'conf': 0.32776007, 'label_id': 'person', 'sub_labels': 'other', 'sub_labels_conf': 0.9661614894866943, 'id': 17}]"
353,2024/5/22 Wednesday 0:1:9,"[{'box': [472.1923828125, 194.14169311523438, 45.968902587890625, 90.42597961425781], 'conf': 0.91490996, 'label_id': 'cell phone', 'sub_labels': 'other', 'sub_labels_conf': 0.8902141451835632, 'id': 1}, {'box': [539.9088134765625, 328.53997802734375, 34.50115966796875, 50.204071044921875], 'conf': 0.8337688, 'label_id': 'mouse', 'sub_labels': 'other', 'sub_labels_conf': 0.8795738816261292, 'id': 2}, {'box': [409.94940185546875, 303.6884765625, 205.09109497070312, 76.29501342773438], 'conf': 0.6727888, 'label_id': 'keyboard', 'sub_labels': 'not_human', 'sub_labels_conf': 0.9992462396621704, 'id': 3}, {'box': [1030.9403076171875, 245.37557983398438, 65.19952392578125, 45.91798400878906], 'conf': 0.43781975, 'label_id': 'cup', 'sub_labels': 'other', 'sub_labels_conf': 0.9998182654380798, 'id': 4}, {'box': [544.2713623046875, 61.146629333496094, 202.84475708007812, 119.85276794433594], 'conf': 0.4444693, 'label_id': 'tv', 'sub_labels': 'other', 'sub_labels_conf': 0.5761153101921082, 'id': 5}, {'box': [429.8782653808594, 312.9958190917969, 334.39923095703125, 166.77386474609375], 'conf': 0.6572841, 'label_id': 'laptop', 'sub_labels': 'not_human', 'sub_labels_conf': 0.999998927116394, 'id': 6}, {'box': [230.3032989501953, 159.38992309570312, 63.652313232421875, 52.16961669921875], 'conf': 0.42628983, 'label_id': 'bottle', 'sub_labels': 'other', 'sub_labels_conf': 0.999441921710968, 'id': 11}, {'box': [805.6770629882812, 325.4447326660156, 313.2762451171875, 90.86334228515625], 'conf': 0.38872328, 'label_id': 'keyboard', 'sub_labels': 'not_human', 'sub_labels_conf': 0.9777301549911499, 'id': 18}, {'box': [70.93792724609375, 121.5746078491211, 141.01156616210938, 240.5800018310547], 'conf': 0.32981968, 'label_id': 'person', 'sub_labels': 'other', 'sub_labels_conf': 0.9797266721725464, 'id': 17}]"
354,2024/5/22 Wednesday 0:1:9,"[{'box': [472.1891174316406, 194.1392059326172, 45.98486328125, 90.43902587890625], 'conf': 0.916646, 'label_id': 'cell phone', 'sub_labels': 'other', 'sub_labels_conf': 0.8902141451835632, 'id': 1}, {'box': [539.896728515625, 328.5814208984375, 34.4783935546875, 50.214263916015625], 'conf': 0.80364615, 'label_id': 'mouse', 'sub_labels': 'other', 'sub_labels_conf': 0.8795738816261292, 'id': 2}, {'box': [410.1893310546875, 303.68463134765625, 204.15652465820312, 76.29208374023438], 'conf': 0.6841075, 'label_id': 'keyboard', 'sub_labels': 'not_human', 'sub_labels_conf': 0.9993577599525452, 'id': 3}, {'box': [1030.9678955078125, 245.3619842529297, 65.20294189453125, 45.956573486328125], 'conf': 0.3599454, 'label_id': 'cup', 'sub_labels': 'other', 'sub_labels_conf': 0.9998182654380798, 'id': 4}, {'box': [543.9991455078125, 60.8498420715332, 202.06292724609375, 119.18755340576172], 'conf': 0.4781334, 'label_id': 'tv', 'sub_labels': 'other', 'sub_labels_conf': 0.5122737884521484, 'id': 5}, {'box': [430.054443359375, 312.958984375, 334.3468017578125, 166.79705810546875], 'conf': 0.6717147, 'label_id': 'laptop', 'sub_labels': 'not_human', 'sub_labels_conf': 0.9999986886978149, 'id': 6}, {'box': [230.3936767578125, 159.47235107421875, 63.64933776855469, 51.90913391113281], 'conf': 0.370507, 'label_id': 'bottle', 'sub_labels': 'other', 'sub_labels_conf': 0.9997904896736145, 'id': 11}, {'box': [777.4783935546875, 319.4903564453125, 267.82757568359375, 77.64239501953125], 'conf': 0.10654834, 'label_id': 'keyboard', 'sub_labels': 'not_human', 'sub_labels_conf': 0.9801613688468933, 'id': 18}, {'box': [71.12352752685547, 112.30116271972656, 141.3394317626953, 219.12252807617188], 'conf': 0.35975552, 'label_id': 'person', 'sub_labels': 'other', 'sub_labels_conf': 0.9761884808540344, 'id': 17}]"
355,2024/5/22 Wednesday 0:1:9,"[{'box': [472.18902587890625, 194.13380432128906, 45.999420166015625, 90.4451904296875], 'conf': 0.9177219, 'label_id': 'cell phone', 'sub_labels': 'other', 'sub_labels_conf': 0.8902141451835632, 'id': 1}, {'box': [539.8861083984375, 328.58648681640625, 34.45977783203125, 50.215911865234375], 'conf': 0.81628734, 'label_id': 'mouse', 'sub_labels': 'other', 'sub_labels_conf': 0.8795738816261292, 'id': 2}, {'box': [409.4905090332031, 303.6717529296875, 206.52520751953125, 76.40463256835938], 'conf': 0.690705, 'label_id': 'keyboard', 'sub_labels': 'not_human', 'sub_labels_conf': 0.9992571473121643, 'id': 3}, {'box': [1030.826416015625, 245.32476806640625, 65.84307861328125, 46.12017822265625], 'conf': 0.4068658, 'label_id': 'bottle', 'sub_labels': 'other', 'sub_labels_conf': 0.9999226331710815, 'id': 4}, {'box': [542.6158447265625, 60.4771842956543, 200.92068481445312, 119.7077407836914], 'conf': 0.44956088, 'label_id': 'tv', 'sub_labels': 'other', 'sub_labels_conf': 0.4871167242527008, 'id': 5}, {'box': [430.0005187988281, 312.9072265625, 334.24224853515625, 166.86912536621094], 'conf': 0.6223732, 'label_id': 'laptop', 'sub_labels': 'not_human', 'sub_labels_conf': 0.9999986886978149, 'id': 6}, {'box': [230.43931579589844, 159.48245239257812, 63.614166259765625, 51.8819580078125], 'conf': 0.35964915, 'label_id': 'bottle', 'sub_labels': 'other', 'sub_labels_conf': 0.9997904896736145, 'id': 11}, {'box': [767.6527709960938, 316.8110046386719, 254.619384765625, 73.81475830078125], 'conf': 0.11226356, 'label_id': 'keyboard', 'sub_labels': 'not_human', 'sub_labels_conf': 0.9730674028396606, 'id': 18}, {'box': [70.34657287597656, 82.47480010986328, 140.10910034179688, 160.61634826660156], 'conf': 0.12951833, 'label_id': 'person', 'sub_labels': 'other', 'sub_labels_conf': 0.9839784502983093, 'id': 17}]"
356,2024/5/22 Wednesday 0:1:9,"[{'box': [472.1956787109375, 194.1265411376953, 46.039093017578125, 90.49090576171875], 'conf': 0.9184086, 'label_id': 'cell phone', 'sub_labels': 'other', 'sub_labels_conf': 0.9131410717964172, 'id': 1}, {'box': [539.8656616210938, 328.6010437011719, 34.4210205078125, 50.2578125], 'conf': 0.79551417, 'label_id': 'mouse', 'sub_labels': 'other', 'sub_labels_conf': 0.8795738816261292, 'id': 2}, {'box': [409.972900390625, 303.7096862792969, 204.83517456054688, 76.3177490234375], 'conf': 0.69732225, 'label_id': 'keyboard', 'sub_labels': 'not_human', 'sub_labels_conf': 0.9992462396621704, 'id': 3}, {'box': [1030.80859375, 245.3702392578125, 65.9893798828125, 46.18426513671875], 'conf': 0.3565044, 'label_id': 'bottle', 'sub_labels': 'other', 'sub_labels_conf': 0.9999226331710815, 'id': 4}, {'box': [543.3436279296875, 60.6577033996582, 201.18966674804688, 119.25106048583984], 'conf': 0.4627189, 'label_id': 'tv', 'sub_labels': 'other', 'sub_labels_conf': 0.5116345286369324, 'id': 5}, {'box': [430.035400390625, 313.1003112792969, 334.3624572753906, 166.67315673828125], 'conf': 0.6442853, 'label_id': 'laptop', 'sub_labels': 'not_human', 'sub_labels_conf': 0.9999991655349731, 'id': 6}, {'box': [230.48184204101562, 159.48806762695312, 63.53025817871094, 51.810882568359375], 'conf': 0.3234449, 'label_id': 'bottle', 'sub_labels': 'other', 'sub_labels_conf': 0.9997904896736145, 'id': 11}, {'box': [778.6578979492188, 312.8300476074219, 207.22021484375, 62.9437255859375], 'conf': 0.119319454, 'label_id': 'keyboard', 'sub_labels': 'not_human', 'sub_labels_conf': 0.9549499750137329, 'id': 18}, {'box': [70.3215103149414, 75.81941223144531, 139.9784393310547, 147.41806030273438], 'conf': 0.21674511, 'label_id': 'person', 'sub_labels': 'other', 'sub_labels_conf': 0.970279335975647, 'id': 17}]"
357,2024/5/22 Wednesday 0:1:9,"[{'box': [472.2115173339844, 194.1274871826172, 46.06146240234375, 90.50686645507812], 'conf': 0.9181453, 'label_id': 'cell phone', 'sub_labels': 'other', 'sub_labels_conf': 0.9131410717964172, 'id': 1}, {'box': [539.8778686523438, 328.6231384277344, 34.3873291015625, 50.20208740234375], 'conf': 0.77764505, 'label_id': 'mouse', 'sub_labels': 'other', 'sub_labels_conf': 0.8795738816261292, 'id': 2}, {'box': [409.37384033203125, 303.68646240234375, 206.77151489257812, 76.34432983398438], 'conf': 0.7034864, 'label_id': 'keyboard', 'sub_labels': 'not_human', 'sub_labels_conf': 0.9992571473121643, 'id': 3}, {'box': [1030.7662353515625, 245.38595581054688, 65.98870849609375, 46.193603515625], 'conf': 0.3836453, 'label_id': 'bottle', 'sub_labels': 'other', 'sub_labels_conf': 0.9999226331710815, 'id': 4}, {'box': [542.1168823242188, 60.35218811035156, 199.935546875, 119.64401245117188], 'conf': 0.49313876, 'label_id': 'tv', 'sub_labels': 'other', 'sub_labels_conf': 0.4970456063747406, 'id': 5}, {'box': [430.1039733886719, 312.9278564453125, 334.56683349609375, 166.9541778564453], 'conf': 0.5725212, 'label_id': 'laptop', 'sub_labels': 'not_human', 'sub_labels_conf': 0.9999986886978149, 'id': 6}, {'box': [230.48802185058594, 159.46728515625, 63.602569580078125, 51.79203796386719], 'conf': 0.31087613, 'label_id': 'bottle', 'sub_labels': 'other', 'sub_labels_conf': 0.9997904896736145, 'id': 11}, {'box': [71.7974853515625, 74.6119613647461, 142.59365844726562, 144.7239227294922], 'conf': 0.2752518, 'label_id': 'person', 'sub_labels': 'other', 'sub_labels_conf': 0.9349389672279358, 'id': 17}]"
358,2024/5/22 Wednesday 0:1:9,"[{'box': [472.2142028808594, 194.11672973632812, 46.0311279296875, 90.46035766601562], 'conf': 0.917466, 'label_id': 'cell phone', 'sub_labels': 'other', 'sub_labels_conf': 0.9131410717964172, 'id': 1}, {'box': [539.895751953125, 328.60772705078125, 34.322509765625, 50.15289306640625], 'conf': 0.7721639, 'label_id': 'mouse', 'sub_labels': 'other', 'sub_labels_conf': 0.8795738816261292, 'id': 2}, {'box': [409.119873046875, 303.6087951660156, 207.52450561523438, 76.408935546875], 'conf': 0.73145944, 'label_id': 'keyboard', 'sub_labels': 'not_human', 'sub_labels_conf': 0.9992571473121643, 'id': 3}, {'box': [1030.779541015625, 245.1951904296875, 65.73089599609375, 46.31599426269531], 'conf': 0.34204733, 'label_id': 'bottle', 'sub_labels': 'other', 'sub_labels_conf': 0.9999226331710815, 'id': 4}, {'box': [541.6884155273438, 60.2912712097168, 199.54833984375, 119.9358139038086], 'conf': 0.49361494, 'label_id': 'tv', 'sub_labels': 'not_human', 'sub_labels_conf': 0.4646932780742645, 'id': 5}, {'box': [430.14227294921875, 312.9058532714844, 334.2998962402344, 167.0038604736328], 'conf': 0.5013666, 'label_id': 'laptop', 'sub_labels': 'not_human', 'sub_labels_conf': 0.9999986886978149, 'id': 6}, {'box': [230.48272705078125, 159.46389770507812, 63.6297607421875, 51.815887451171875], 'conf': 0.31939358, 'label_id': 'bottle', 'sub_labels': 'other', 'sub_labels_conf': 0.9997904896736145, 'id': 11}, {'box': [72.46759033203125, 75.1449203491211, 143.53207397460938, 145.9715118408203], 'conf': 0.42076018, 'label_id': 'person', 'sub_labels': 'other', 'sub_labels_conf': 0.9412845969200134, 'id': 17}]"
359,2024/5/22 Wednesday 0:1:9,"[{'box': [472.2003173828125, 194.1021728515625, 46.0211181640625, 90.45062255859375], 'conf': 0.91802883, 'label_id': 'cell phone', 'sub_labels': 'other', 'sub_labels_conf': 0.9131410717964172, 'id': 1}, {'box': [539.879150390625, 328.5722961425781, 34.3331298828125, 50.15802001953125], 'conf': 0.82126665, 'label_id': 'mouse', 'sub_labels': 'other', 'sub_labels_conf': 0.8795738816261292, 'id': 2}, {'box': [409.05902099609375, 303.57391357421875, 207.84115600585938, 76.4755859375], 'conf': 0.7294013, 'label_id': 'keyboard', 'sub_labels': 'not_human', 'sub_labels_conf': 0.9992571473121643, 'id': 3}, {'box': [1030.7646484375, 245.11068725585938, 65.69647216796875, 46.33421325683594], 'conf': 0.37923446, 'label_id': 'bottle', 'sub_labels': 'other', 'sub_labels_conf': 0.9999226331710815, 'id': 4}, {'box': [541.6621704101562, 60.198543548583984, 199.78439331054688, 119.9022445678711], 'conf': 0.44558764, 'label_id': 'tv', 'sub_labels': 'not_human', 'sub_labels_conf': 0.4646932780742645, 'id': 5}, {'box': [430.04583740234375, 312.92242431640625, 333.8085021972656, 166.8546600341797], 'conf': 0.4893155, 'label_id': 'laptop', 'sub_labels': 'not_human', 'sub_labels_conf': 0.9999986886978149, 'id': 6}, {'box': [230.41253662109375, 159.47877502441406, 63.76600646972656, 51.932769775390625], 'conf': 0.32108232, 'label_id': 'bottle', 'sub_labels': 'other', 'sub_labels_conf': 0.9997904896736145, 'id': 11}, {'box': [73.17166137695312, 103.8028564453125, 145.1993408203125, 201.72662353515625], 'conf': 0.26283163, 'label_id': 'person', 'sub_labels': 'other', 'sub_labels_conf': 0.9819946885108948, 'id': 17}]"
360,2024/5/22 Wednesday 0:1:9,"[{'box': [472.1991882324219, 194.10061645507812, 46.01434326171875, 90.43637084960938], 'conf': 0.9178364, 'label_id': 'cell phone', 'sub_labels': 'other', 'sub_labels_conf': 0.9131410717964172, 'id': 1}, {'box': [539.883056640625, 328.5284729003906, 34.339111328125, 50.1568603515625], 'conf': 0.8294305, 'label_id': 'mouse', 'sub_labels': 'other', 'sub_labels_conf': 0.8795738816261292, 'id': 2}, {'box': [409.06787109375, 303.57086181640625, 207.94015502929688, 76.54684448242188], 'conf': 0.7238639, 'label_id': 'keyboard', 'sub_labels': 'not_human', 'sub_labels_conf': 0.9992571473121643, 'id': 3}, {'box': [1030.7269287109375, 245.2292938232422, 65.92138671875, 46.163543701171875], 'conf': 0.39390704, 'label_id': 'bottle', 'sub_labels': 'other', 'sub_labels_conf': 0.9999226331710815, 'id': 4}, {'box': [543.212890625, 60.653236389160156, 201.38137817382812, 119.70158386230469], 'conf': 0.4601409, 'label_id': 'tv', 'sub_labels': 'other', 'sub_labels_conf': 0.5157468914985657, 'id': 5}, {'box': [430.00048828125, 312.8555908203125, 334.0065612792969, 166.87088012695312], 'conf': 0.5160225, 'label_id': 'laptop', 'sub_labels': 'not_human', 'sub_labels_conf': 0.9999986886978149, 'id': 6}, {'box': [230.41802978515625, 159.50726318359375, 63.7388916015625, 51.95722961425781], 'conf': 0.3522807, 'label_id': 'bottle', 'sub_labels': 'other', 'sub_labels_conf': 0.9997904896736145, 'id': 11}, {'box': [74.87958526611328, 112.16710662841797, 148.6269073486328, 217.8545684814453], 'conf': 0.1593752, 'label_id': 'person', 'sub_labels': 'other', 'sub_labels_conf': 0.9758710265159607, 'id': 17}]"
361,2024/5/22 Wednesday 0:1:9,"[{'box': [472.212158203125, 194.10891723632812, 46.01605224609375, 90.44477844238281], 'conf': 0.91612935, 'label_id': 'cell phone', 'sub_labels': 'other', 'sub_labels_conf': 0.9131410717964172, 'id': 1}, {'box': [539.902587890625, 328.552001953125, 34.31414794921875, 50.111083984375], 'conf': 0.80069, 'label_id': 'mouse', 'sub_labels': 'other', 'sub_labels_conf': 0.8795738816261292, 'id': 2}, {'box': [409.1017150878906, 303.6437683105469, 207.87249755859375, 76.44091796875], 'conf': 0.71406525, 'label_id': 'keyboard', 'sub_labels': 'not_human', 'sub_labels_conf': 0.9992571473121643, 'id': 3}, {'box': [1030.7359619140625, 245.2747802734375, 65.986572265625, 46.08537292480469], 'conf': 0.37993646, 'label_id': 'bottle', 'sub_labels': 'other', 'sub_labels_conf': 0.9999226331710815, 'id': 4}, {'box': [543.6097412109375, 60.54116439819336, 201.44879150390625, 118.91712188720703], 'conf': 0.4447437, 'label_id': 'tv', 'sub_labels': 'other', 'sub_labels_conf': 0.5157468914985657, 'id': 5}, {'box': [429.968017578125, 312.72113037109375, 334.2388916015625, 166.96475219726562], 'conf': 0.47178313, 'label_id': 'laptop', 'sub_labels': 'not_human', 'sub_labels_conf': 0.999998927116394, 'id': 6}, {'box': [230.58872985839844, 159.85113525390625, 63.571868896484375, 52.29890441894531], 'conf': 0.33016253, 'label_id': 'bottle', 'sub_labels': 'other', 'sub_labels_conf': 0.999444305896759, 'id': 11}, {'box': [74.68492126464844, 108.14911651611328, 148.2861328125, 209.8451690673828], 'conf': 0.4552003, 'label_id': 'person', 'sub_labels': 'other', 'sub_labels_conf': 0.9505433440208435, 'id': 17}]"
362,2024/5/22 Wednesday 0:1:9,"[{'box': [472.2137451171875, 194.12118530273438, 45.986083984375, 90.42683410644531], 'conf': 0.91564745, 'label_id': 'cell phone', 'sub_labels': 'other', 'sub_labels_conf': 0.8902141451835632, 'id': 1}, {'box': [539.922607421875, 328.5625915527344, 34.2779541015625, 50.0548095703125], 'conf': 0.79095286, 'label_id': 'mouse', 'sub_labels': 'other', 'sub_labels_conf': 0.8795738816261292, 'id': 2}, {'box': [409.05743408203125, 303.612060546875, 207.856201171875, 76.38101196289062], 'conf': 0.7286904, 'label_id': 'keyboard', 'sub_labels': 'not_human', 'sub_labels_conf': 0.9992571473121643, 'id': 3}, {'box': [1030.8040771484375, 245.10726928710938, 65.87506103515625, 46.15434265136719], 'conf': 0.37076157, 'label_id': 'bottle', 'sub_labels': 'other', 'sub_labels_conf': 0.9999226331710815, 'id': 4}, {'box': [543.4949340820312, 60.43563461303711, 200.92727661132812, 118.45307159423828], 'conf': 0.42772335, 'label_id': 'tv', 'sub_labels': 'other', 'sub_labels_conf': 0.512111485004425, 'id': 5}, {'box': [429.9900207519531, 312.8501892089844, 333.99102783203125, 166.6741180419922], 'conf': 0.46806747, 'label_id': 'laptop', 'sub_labels': 'not_human', 'sub_labels_conf': 0.999998927116394, 'id': 6}, {'box': [230.63880920410156, 159.986328125, 63.543792724609375, 52.4183349609375], 'conf': 0.35611442, 'label_id': 'bottle', 'sub_labels': 'other', 'sub_labels_conf': 0.9995120763778687, 'id': 11}]"
363,2024/5/22 Wednesday 0:1:9,"[{'box': [472.2164306640625, 194.12960815429688, 45.952362060546875, 90.38114929199219], 'conf': 0.91558766, 'label_id': 'cell phone', 'sub_labels': 'other', 'sub_labels_conf': 0.8902141451835632, 'id': 1}, {'box': [539.9373779296875, 328.563720703125, 34.28900146484375, 50.092132568359375], 'conf': 0.80880255, 'label_id': 'mouse', 'sub_labels': 'other', 'sub_labels_conf': 0.8795738816261292, 'id': 2}, {'box': [409.0025634765625, 303.586181640625, 207.83517456054688, 76.29574584960938], 'conf': 0.7541971, 'label_id': 'keyboard', 'sub_labels': 'not_human', 'sub_labels_conf': 0.9992571473121643, 'id': 3}, {'box': [1030.7874755859375, 245.2140350341797, 66.01129150390625, 46.044403076171875], 'conf': 0.3831873, 'label_id': 'bottle', 'sub_labels': 'other', 'sub_labels_conf': 0.9999126195907593, 'id': 4}, {'box': [543.5830078125, 60.57916259765625, 201.02764892578125, 118.65170288085938], 'conf': 0.4475999, 'label_id': 'tv', 'sub_labels': 'other', 'sub_labels_conf': 0.512111485004425, 'id': 5}, {'box': [430.0029602050781, 312.95574951171875, 333.66668701171875, 166.38662719726562], 'conf': 0.49221364, 'label_id': 'laptop', 'sub_labels': 'not_human', 'sub_labels_conf': 0.9999985694885254, 'id': 6}, {'box': [230.58981323242188, 160.0462646484375, 63.63569641113281, 52.43898010253906], 'conf': 0.3320779, 'label_id': 'bottle', 'sub_labels': 'other', 'sub_labels_conf': 0.9995046854019165, 'id': 11}]"
364,2024/5/22 Wednesday 0:1:9,"[{'box': [472.190185546875, 194.1409912109375, 45.921112060546875, 90.36842346191406], 'conf': 0.914798, 'label_id': 'cell phone', 'sub_labels': 'other', 'sub_labels_conf': 0.8902141451835632, 'id': 1}, {'box': [539.9288940429688, 328.5867919921875, 34.300048828125, 50.08270263671875], 'conf': 0.7947511, 'label_id': 'mouse', 'sub_labels': 'other', 'sub_labels_conf': 0.8795738816261292, 'id': 2}, {'box': [408.9772644042969, 303.630126953125, 207.83197021484375, 76.22952270507812], 'conf': 0.74033195, 'label_id': 'keyboard', 'sub_labels': 'not_human', 'sub_labels_conf': 0.9995915293693542, 'id': 3}, {'box': [1030.802978515625, 245.0983428955078, 65.89892578125, 46.159698486328125], 'conf': 0.3720979, 'label_id': 'bottle', 'sub_labels': 'other', 'sub_labels_conf': 0.9999226331710815, 'id': 4}, {'box': [543.5899658203125, 60.75996398925781, 201.06509399414062, 118.96308898925781], 'conf': 0.44669363, 'label_id': 'tv', 'sub_labels': 'other', 'sub_labels_conf': 0.512111485004425, 'id': 5}, {'box': [429.9081115722656, 312.8266296386719, 333.79180908203125, 167.09332275390625], 'conf': 0.51319486, 'label_id': 'laptop', 'sub_labels': 'not_human', 'sub_labels_conf': 0.999998927116394, 'id': 6}, {'box': [230.43516540527344, 160.10601806640625, 63.630889892578125, 51.97801208496094], 'conf': 0.27826628, 'label_id': 'cup', 'sub_labels': 'other', 'sub_labels_conf': 0.9995191097259521, 'id': 11}]"
365,2024/5/22 Wednesday 0:1:9,"[{'box': [472.1603088378906, 194.12338256835938, 45.91583251953125, 90.36747741699219], 'conf': 0.9155575, 'label_id': 'cell phone', 'sub_labels': 'other', 'sub_labels_conf': 0.8902141451835632, 'id': 1}, {'box': [539.8997802734375, 328.5725402832031, 34.28668212890625, 50.0439453125], 'conf': 0.8014215, 'label_id': 'mouse', 'sub_labels': 'other', 'sub_labels_conf': 0.8795738816261292, 'id': 2}, {'box': [408.92999267578125, 303.62615966796875, 207.85305786132812, 76.23971557617188], 'conf': 0.74221164, 'label_id': 'keyboard', 'sub_labels': 'not_human', 'sub_labels_conf': 0.9995915293693542, 'id': 3}, {'box': [1030.793701171875, 245.05088806152344, 65.8724365234375, 46.208038330078125], 'conf': 0.3672048, 'label_id': 'bottle', 'sub_labels': 'other', 'sub_labels_conf': 0.9999226331710815, 'id': 4}, {'box': [543.4520874023438, 60.68588638305664, 200.88748168945312, 118.84851837158203], 'conf': 0.44329172, 'label_id': 'tv', 'sub_labels': 'other', 'sub_labels_conf': 0.512111485004425, 'id': 5}, {'box': [429.8374328613281, 312.7649230957031, 334.06683349609375, 167.32861328125], 'conf': 0.5147661, 'label_id': 'laptop', 'sub_labels': 'not_human', 'sub_labels_conf': 0.999998927116394, 'id': 6}, {'box': [230.46926879882812, 160.3740692138672, 64.060302734375, 52.624664306640625], 'conf': 0.25242138, 'label_id': 'cup', 'sub_labels': 'other', 'sub_labels_conf': 0.9996551275253296, 'id': 11}]"
366,2024/5/22 Wednesday 0:1:9,"[{'box': [472.12640380859375, 194.107421875, 45.921844482421875, 90.36280822753906], 'conf': 0.9155228, 'label_id': 'cell phone', 'sub_labels': 'other', 'sub_labels_conf': 0.8902141451835632, 'id': 1}, {'box': [539.864501953125, 328.5406799316406, 34.2999267578125, 50.02362060546875], 'conf': 0.8231393, 'label_id': 'mouse', 'sub_labels': 'other', 'sub_labels_conf': 0.8795738816261292, 'id': 2}, {'box': [408.93328857421875, 303.670654296875, 207.81893920898438, 76.18673706054688], 'conf': 0.7316564, 'label_id': 'keyboard', 'sub_labels': 'not_human', 'sub_labels_conf': 0.9995915293693542, 'id': 3}, {'box': [1030.80126953125, 245.01986694335938, 65.822021484375, 46.19091796875], 'conf': 0.35840464, 'label_id': 'bottle', 'sub_labels': 'other', 'sub_labels_conf': 0.9999226331710815, 'id': 4}, {'box': [543.3643188476562, 60.65279769897461, 200.74050903320312, 118.81163787841797], 'conf': 0.44933566, 'label_id': 'tv', 'sub_labels': 'other', 'sub_labels_conf': 0.512111485004425, 'id': 5}, {'box': [429.81024169921875, 312.9507141113281, 334.1968078613281, 166.9515380859375], 'conf': 0.5654645, 'label_id': 'laptop', 'sub_labels': 'not_human', 'sub_labels_conf': 0.999998927116394, 'id': 6}, {'box': [230.39552307128906, 160.20631408691406, 63.850494384765625, 52.13323974609375], 'conf': 0.3163133, 'label_id': 'cup', 'sub_labels': 'other', 'sub_labels_conf': 0.9996544122695923, 'id': 11}]"
367,2024/5/22 Wednesday 0:1:9,"[{'box': [472.12506103515625, 194.11048889160156, 45.910125732421875, 90.34188842773438], 'conf': 0.914588, 'label_id': 'cell phone', 'sub_labels': 'other', 'sub_labels_conf': 0.8902141451835632, 'id': 1}, {'box': [539.85595703125, 328.5341796875, 34.30462646484375, 50.051849365234375], 'conf': 0.8178522, 'label_id': 'mouse', 'sub_labels': 'other', 'sub_labels_conf': 0.8795738816261292, 'id': 2}, {'box': [408.93109130859375, 303.6208801269531, 207.843994140625, 76.24774169921875], 'conf': 0.7394229, 'label_id': 'keyboard', 'sub_labels': 'not_human', 'sub_labels_conf': 0.9995915293693542, 'id': 3}, {'box': [1030.798583984375, 245.01885986328125, 65.77874755859375, 46.21626281738281], 'conf': 0.36384988, 'label_id': 'bottle', 'sub_labels': 'other', 'sub_labels_conf': 0.9999226331710815, 'id': 4}, {'box': [543.2445678710938, 60.656497955322266, 200.4693603515625, 118.80834197998047], 'conf': 0.44181448, 'label_id': 'tv', 'sub_labels': 'other', 'sub_labels_conf': 0.512111485004425, 'id': 5}, {'box': [429.81884765625, 313.03033447265625, 333.9054870605469, 166.5794677734375], 'conf': 0.5656794, 'label_id': 'laptop', 'sub_labels': 'not_human', 'sub_labels_conf': 0.9999994039535522, 'id': 6}, {'box': [230.3807373046875, 160.1852569580078, 63.88755798339844, 51.885223388671875], 'conf': 0.33733523, 'label_id': 'bottle', 'sub_labels': 'other', 'sub_labels_conf': 0.9996224641799927, 'id': 11}]"
368,2024/5/22 Wednesday 0:1:9,"[{'box': [472.1346435546875, 194.08334350585938, 45.936065673828125, 90.35511779785156], 'conf': 0.9145883, 'label_id': 'cell phone', 'sub_labels': 'other', 'sub_labels_conf': 0.8902141451835632, 'id': 1}, {'box': [539.8535766601562, 328.50982666015625, 34.31103515625, 50.070098876953125], 'conf': 0.8372395, 'label_id': 'mouse', 'sub_labels': 'other', 'sub_labels_conf': 0.8795738816261292, 'id': 2}, {'box': [408.94122314453125, 303.625244140625, 207.90164184570312, 76.21615600585938], 'conf': 0.73263615, 'label_id': 'keyboard', 'sub_labels': 'not_human', 'sub_labels_conf': 0.9995915293693542, 'id': 3}, {'box': [1030.761474609375, 245.15670776367188, 65.8990478515625, 46.00743103027344], 'conf': 0.352331, 'label_id': 'bottle', 'sub_labels': 'other', 'sub_labels_conf': 0.9999226331710815, 'id': 4}, {'box': [543.1376953125, 60.60544967651367, 200.59747314453125, 118.77596282958984], 'conf': 0.4135304, 'label_id': 'tv', 'sub_labels': 'other', 'sub_labels_conf': 0.5166040062904358, 'id': 5}, {'box': [429.6788635253906, 313.4811096191406, 332.87030029296875, 166.08753967285156], 'conf': 0.69000345, 'label_id': 'laptop', 'sub_labels': 'not_human', 'sub_labels_conf': 0.9999994039535522, 'id': 6}, {'box': [230.54263305664062, 160.1658172607422, 63.7545166015625, 52.14349365234375], 'conf': 0.2695856, 'label_id': 'bottle', 'sub_labels': 'other', 'sub_labels_conf': 0.9997456669807434, 'id': 11}]"
369,2024/5/22 Wednesday 0:1:9,"[{'box': [472.14007568359375, 194.07614135742188, 45.9659423828125, 90.36134338378906], 'conf': 0.9146252, 'label_id': 'cell phone', 'sub_labels': 'other', 'sub_labels_conf': 0.8902141451835632, 'id': 1}, {'box': [539.837646484375, 328.5342102050781, 34.3624267578125, 50.17852783203125], 'conf': 0.83149713, 'label_id': 'mouse', 'sub_labels': 'other', 'sub_labels_conf': 0.8795738816261292, 'id': 2}, {'box': [408.9827880859375, 303.6398010253906, 207.90103149414062, 76.30657958984375], 'conf': 0.7212599, 'label_id': 'keyboard', 'sub_labels': 'not_human', 'sub_labels_conf': 0.9995915293693542, 'id': 3}, {'box': [1030.740234375, 245.2508544921875, 66.0135498046875, 46.00956726074219], 'conf': 0.3905506, 'label_id': 'bottle', 'sub_labels': 'other', 'sub_labels_conf': 0.9999126195907593, 'id': 4}, {'box': [543.2033081054688, 60.8438720703125, 200.857177734375, 119.25662231445312], 'conf': 0.45859265, 'label_id': 'tv', 'sub_labels': 'other', 'sub_labels_conf': 0.5166040062904358, 'id': 5}, {'box': [429.7120361328125, 313.8929748535156, 332.8114929199219, 165.5316162109375], 'conf': 0.7329046, 'label_id': 'laptop', 'sub_labels': 'not_human', 'sub_labels_conf': 0.9999992847442627, 'id': 6}, {'box': [230.63909912109375, 160.22903442382812, 63.40855407714844, 52.078399658203125], 'conf': 0.17561127, 'label_id': 'bottle', 'sub_labels': 'other', 'sub_labels_conf': 0.999847412109375, 'id': 11}]"
370,2024/5/22 Wednesday 0:1:9,"[{'box': [472.1997375488281, 194.077392578125, 46.00115966796875, 90.38780212402344], 'conf': 0.9157455, 'label_id': 'cell phone', 'sub_labels': 'other', 'sub_labels_conf': 0.9131410717964172, 'id': 1}, {'box': [539.87451171875, 328.5476989746094, 34.37628173828125, 50.24560546875], 'conf': 0.83488476, 'label_id': 'mouse', 'sub_labels': 'other', 'sub_labels_conf': 0.8795738816261292, 'id': 2}, {'box': [409.09844970703125, 303.6844787597656, 207.84622192382812, 76.30609130859375], 'conf': 0.70380265, 'label_id': 'keyboard', 'sub_labels': 'not_human', 'sub_labels_conf': 0.9992571473121643, 'id': 3}, {'box': [1030.7164306640625, 245.29327392578125, 66.00543212890625, 46.00636291503906], 'conf': 0.38385367, 'label_id': 'bottle', 'sub_labels': 'other', 'sub_labels_conf': 0.9999126195907593, 'id': 4}, {'box': [543.5729370117188, 61.1987419128418, 201.51571655273438, 119.94852447509766], 'conf': 0.48420408, 'label_id': 'tv', 'sub_labels': 'other', 'sub_labels_conf': 0.5447934865951538, 'id': 5}, {'box': [429.7005310058594, 314.145751953125, 332.84136962890625, 165.5247802734375], 'conf': 0.74341387, 'label_id': 'laptop', 'sub_labels': 'not_human', 'sub_labels_conf': 0.9999982118606567, 'id': 6}, {'box': [230.79110717773438, 160.39950561523438, 63.46434020996094, 51.77748107910156], 'conf': 0.17286305, 'label_id': 'bottle', 'sub_labels': 'other', 'sub_labels_conf': 0.9998431205749512, 'id': 11}]"
371,2024/5/22 Wednesday 0:1:9,"[{'box': [472.17999267578125, 194.0679931640625, 46.02313232421875, 90.40377807617188], 'conf': 0.91605794, 'label_id': 'cell phone', 'sub_labels': 'other', 'sub_labels_conf': 0.9131410717964172, 'id': 1}, {'box': [539.8551025390625, 328.55511474609375, 34.40216064453125, 50.315216064453125], 'conf': 0.83038056, 'label_id': 'mouse', 'sub_labels': 'other', 'sub_labels_conf': 0.8795738816261292, 'id': 2}, {'box': [409.1695251464844, 303.7372131347656, 207.78228759765625, 76.29681396484375], 'conf': 0.67906225, 'label_id': 'keyboard', 'sub_labels': 'not_human', 'sub_labels_conf': 0.9992571473121643, 'id': 3}, {'box': [1030.8663330078125, 245.3408660888672, 65.49920654296875, 45.896453857421875], 'conf': 0.37176698, 'label_id': 'cup', 'sub_labels': 'other', 'sub_labels_conf': 0.9998182654380798, 'id': 4}, {'box': [543.5560913085938, 61.224185943603516, 201.57492065429688, 120.00992584228516], 'conf': 0.48925057, 'label_id': 'tv', 'sub_labels': 'other', 'sub_labels_conf': 0.6004246473312378, 'id': 5}, {'box': [429.65228271484375, 314.1473388671875, 332.89404296875, 165.55215454101562], 'conf': 0.7516763, 'label_id': 'laptop', 'sub_labels': 'not_human', 'sub_labels_conf': 0.9999980926513672, 'id': 6}, {'box': [230.87240600585938, 160.42529296875, 63.3756103515625, 51.74272155761719], 'conf': 0.15249445, 'label_id': 'bottle', 'sub_labels': 'other', 'sub_labels_conf': 0.9997746348381042, 'id': 11}]"
372,2024/5/22 Wednesday 0:1:9,"[{'box': [472.15228271484375, 194.062744140625, 46.026702880859375, 90.40303039550781], 'conf': 0.9160169, 'label_id': 'cell phone', 'sub_labels': 'other', 'sub_labels_conf': 0.9131410717964172, 'id': 1}, {'box': [539.8231811523438, 328.575927734375, 34.4105224609375, 50.353302001953125], 'conf': 0.8269045, 'label_id': 'mouse', 'sub_labels': 'other', 'sub_labels_conf': 0.8795738816261292, 'id': 2}, {'box': [409.19317626953125, 303.7759094238281, 207.73196411132812, 76.32708740234375], 'conf': 0.6757549, 'label_id': 'keyboard', 'sub_labels': 'not_human', 'sub_labels_conf': 0.9992571473121643, 'id': 3}, {'box': [1030.92333984375, 245.36505126953125, 65.3013916015625, 45.87738037109375], 'conf': 0.40221566, 'label_id': 'cup', 'sub_labels': 'other', 'sub_labels_conf': 0.9998182654380798, 'id': 4}, {'box': [543.637451171875, 61.342899322509766, 201.65939331054688, 120.2448501586914], 'conf': 0.50034165, 'label_id': 'tv', 'sub_labels': 'other', 'sub_labels_conf': 0.6004246473312378, 'id': 5}, {'box': [429.73565673828125, 314.15338134765625, 333.1279602050781, 165.39627075195312], 'conf': 0.74366987, 'label_id': 'laptop', 'sub_labels': 'not_human', 'sub_labels_conf': 0.9999980926513672, 'id': 6}, {'box': [230.97576904296875, 160.40420532226562, 63.09614562988281, 51.75128173828125], 'conf': 0.22322395, 'label_id': 'bottle', 'sub_labels': 'other', 'sub_labels_conf': 0.9998490810394287, 'id': 11}]"
373,2024/5/22 Wednesday 0:1:9,"[{'box': [472.1257629394531, 194.06466674804688, 46.01251220703125, 90.37724304199219], 'conf': 0.9152198, 'label_id': 'cell phone', 'sub_labels': 'other', 'sub_labels_conf': 0.9131410717964172, 'id': 1}, {'box': [539.8126220703125, 328.56549072265625, 34.43206787109375, 50.325347900390625], 'conf': 0.83570135, 'label_id': 'mouse', 'sub_labels': 'other', 'sub_labels_conf': 0.8795738816261292, 'id': 2}, {'box': [409.16058349609375, 303.7520751953125, 207.73001098632812, 76.36709594726562], 'conf': 0.69409186, 'label_id': 'keyboard', 'sub_labels': 'not_human', 'sub_labels_conf': 0.9992571473121643, 'id': 3}, {'box': [1030.935546875, 245.36917114257812, 65.244873046875, 45.86296081542969], 'conf': 0.36323476, 'label_id': 'cup', 'sub_labels': 'other', 'sub_labels_conf': 0.9998182654380798, 'id': 4}, {'box': [543.6807250976562, 61.43244552612305, 201.84231567382812, 120.45665740966797], 'conf': 0.50030607, 'label_id': 'tv', 'sub_labels': 'other', 'sub_labels_conf': 0.6004246473312378, 'id': 5}, {'box': [429.65399169921875, 314.2687683105469, 333.3044738769531, 165.1013641357422], 'conf': 0.71096504, 'label_id': 'laptop', 'sub_labels': 'not_human', 'sub_labels_conf': 0.9999980926513672, 'id': 6}, {'box': [230.88673400878906, 160.30133056640625, 63.206329345703125, 51.939849853515625], 'conf': 0.27338088, 'label_id': 'bottle', 'sub_labels': 'other', 'sub_labels_conf': 0.9998290538787842, 'id': 11}]"
374,2024/5/22 Wednesday 0:1:9,"[{'box': [472.07366943359375, 194.05213928222656, 45.931884765625, 90.3572998046875], 'conf': 0.9109158, 'label_id': 'cell phone', 'sub_labels': 'other', 'sub_labels_conf': 0.8944198489189148, 'id': 1}, {'box': [539.812255859375, 328.5787658691406, 34.46368408203125, 50.3978271484375], 'conf': 0.8309998, 'label_id': 'mouse', 'sub_labels': 'other', 'sub_labels_conf': 0.8795738816261292, 'id': 2}, {'box': [409.1709289550781, 303.718505859375, 207.71356201171875, 76.42251586914062], 'conf': 0.68440014, 'label_id': 'keyboard', 'sub_labels': 'not_human', 'sub_labels_conf': 0.9992571473121643, 'id': 3}, {'box': [1030.777587890625, 245.2927703857422, 65.80621337890625, 45.967742919921875], 'conf': 0.4067009, 'label_id': 'bottle', 'sub_labels': 'other', 'sub_labels_conf': 0.9998182654380798, 'id': 4}, {'box': [543.853515625, 61.453067779541016, 202.29269409179688, 120.5929946899414], 'conf': 0.46395397, 'label_id': 'tv', 'sub_labels': 'other', 'sub_labels_conf': 0.5996226668357849, 'id': 5}, {'box': [429.61199951171875, 314.3384094238281, 333.2424011230469, 164.99041748046875], 'conf': 0.7317474, 'label_id': 'laptop', 'sub_labels': 'not_human', 'sub_labels_conf': 0.9999980926513672, 'id': 6}, {'box': [230.66444396972656, 160.30191040039062, 63.257781982421875, 51.63786315917969], 'conf': 0.2380385, 'label_id': 'bottle', 'sub_labels': 'other', 'sub_labels_conf': 0.9995161294937134, 'id': 11}]"
